0 -0.301697 
1 -0.239948 
2 -0.337402 
3 -0.048188 
4 -0.235506 
5 -0.708623 
6 -0.196120 
7 -0.419270 
8 -0.565568 
9 -0.170011 
10 -0.535369 
11 -0.170830 
12 -0.349634 
13 -0.450545 
14 -0.004230 
15 -0.492019 
16 -0.327274 
17 -0.236567 
18 -0.210111 
19 -0.497623 
20 -0.557439 
21 -0.538756 
22 -0.079992 
23 -0.869337 
24 -0.049798 
25 0.156201 
26 0.029752 
27 -0.506878 
28 -0.472266 
29 -0.140245 
30 0.059126 
31 -0.325762 
32 -0.741440 
33 -0.369348 
34 -0.606327 
35 -0.136269 
36 -0.426126 
37 -0.516454 
38 -0.200246 
39 -0.454910 
40 -0.413760 
41 -0.451261 
42 -0.652026 
43 -0.413175 
44 -0.364516 
45 -0.442521 
46 -0.493988 
47 -0.469230 
48 -0.011929 
49 -0.426374 
50 -0.221107 
51 -0.249575 
52 -0.345166 
53 -0.046563 
54 -0.202386 
55 -0.226072 
56 -0.429582 
57 -0.138818 
58 -0.210817 
59 -0.280118 
60 -0.779262 
61 -0.125578 
62 -0.295260 
63 -0.356734 
64 -0.893409 
65 -0.278050 
66 -0.334643 
67 0.156690 
68 -0.419631 
69 0.062975 
70 -0.486139 
71 -0.630259 
72 -0.759529 
73 -0.290372 
74 -0.391413 
75 -0.095989 
76 -0.306811 
77 -0.326395 
78 0.140396 
79 -0.228879 
80 -0.199760 
81 0.026885 
82 -0.211841 
83 -0.492846 
84 -0.407093 
85 -0.346839 
86 -0.359629 
87 0.161965 
88 -0.199278 
89 -0.767589 
90 -0.545758 
91 -0.483758 
92 -0.339729 
93 -0.333530 
94 -0.452499 
95 -0.291202 
96 -0.653207 
97 -0.229826 
98 -0.190302 
99 -0.932531 
100 -0.497594 
101 -0.501226 
102 -0.084663 
103 -0.931493 
104 -0.597596 
105 -0.127424 
106 -0.280435 
107 -0.693729 
108 -0.581557 
109 -0.086982 
110 -0.250455 
111 -0.115660 
112 -0.569462 
113 -0.621550 
114 -0.611902 
115 -0.139507 
116 -0.376483 
117 -0.573065 
118 -0.143416 
119 -0.204934 
120 -0.854745 
121 -0.367933 
122 -0.366987 
123 -0.854777 
124 -0.510799 
125 -0.438195 
126 -0.149412 
127 -0.415628 
128 -0.665333 
129 -0.217774 
130 -0.614872 
131 -0.132140 
132 -0.122353 
133 -0.181310 
134 -0.196081 
135 -0.052595 
136 -0.215061 
137 -0.832436 
138 -0.817584 
139 0.010244 
140 -1.017317 
141 -0.522938 
142 -0.324492 
143 -0.337126 
144 -0.467570 
145 -0.724730 
146 -0.362880 
147 -0.517188 
148 -0.497704 
149 -0.377946 
150 -0.420136 
151 -0.133601 
152 -0.443304 
153 -0.481902 
154 -0.424046 
155 -0.536558 
156 -0.522730 
157 -0.380542 
158 -0.307230 
159 -0.254656 
160 -0.127798 
161 0.062805 
162 -0.240168 
163 -0.356287 
164 -0.246173 
165 -0.490797 
166 -0.471318 
167 -0.292402 
168 -0.130876 
169 -0.083399 
170 -0.303138 
171 -0.193008 
172 -0.537945 
173 -0.265029 
174 -0.379711 
175 -0.550272 
176 -0.391282 
177 -0.320303 
178 -0.711004 
179 -0.789739 
180 -0.204426 
181 -0.379919 
182 -0.345245 
183 -0.168436 
184 -0.075570 
185 0.005732 
186 -0.422713 
187 -0.171175 
188 -0.247909 
189 0.016505 
190 0.038224 
191 0.100687 
192 -0.803822 
193 -0.269182 
194 -0.743790 
195 -0.047300 
196 -0.530858 
197 -0.513249 
198 -1.076049 
199 -0.549338 
