0 -0.292301 
1 0.053481 
2 0.109003 
3 0.002028 
4 -0.202117 
5 0.104288 
6 0.006739 
7 -0.635585 
8 0.150362 
9 0.090709 
10 -0.279377 
11 -0.235224 
12 -0.111025 
13 -0.182321 
14 -0.045695 
15 -0.256125 
16 -0.109343 
17 -0.138408 
18 -0.059895 
19 0.010768 
20 -0.303350 
21 0.112617 
22 0.315364 
23 0.207209 
24 -0.067409 
25 -0.360706 
26 0.123969 
27 -0.019729 
28 -0.159865 
29 0.082631 
30 -0.143212 
31 -0.536665 
32 0.127911 
33 -0.088143 
34 0.369324 
35 -0.135544 
36 0.090316 
37 0.249711 
38 -0.150388 
39 -0.225461 
40 0.167415 
41 0.040748 
42 -0.129027 
43 -0.124755 
44 0.136601 
45 -0.248667 
46 0.237952 
47 -0.089886 
48 -0.229619 
49 -0.440980 
50 -0.113356 
51 0.121616 
52 0.081928 
53 0.138402 
54 -0.452244 
55 -0.246972 
56 0.214728 
57 -0.041093 
58 0.068646 
59 0.037414 
60 -0.083745 
61 0.070059 
62 0.199639 
63 -0.069148 
64 0.297264 
65 0.123127 
66 0.370098 
67 -0.377608 
68 0.138291 
69 0.014031 
70 0.083815 
71 0.030700 
72 -0.077729 
73 -0.273268 
74 -0.014861 
75 -0.234241 
76 0.117084 
77 -0.110316 
78 0.048024 
79 -0.062322 
80 -0.067344 
81 0.127365 
82 0.138181 
83 0.195534 
84 -0.166119 
85 -0.150091 
86 0.235630 
87 -0.057588 
88 0.091050 
89 -0.081746 
90 -0.080012 
91 0.125030 
92 -0.267788 
93 0.192166 
94 -0.228806 
95 -0.272688 
96 0.235722 
97 0.133904 
98 0.328816 
99 -0.080899 
100 -0.051266 
101 0.247300 
102 0.131634 
103 0.250161 
104 -0.029100 
105 -0.245942 
106 0.261575 
107 -0.123946 
108 0.082512 
109 0.101092 
110 0.209683 
111 0.116964 
112 -0.122728 
113 -0.014971 
114 0.065202 
115 0.029584 
116 0.016720 
117 -0.032007 
118 -0.350383 
119 -0.031640 
120 0.189002 
121 -0.181001 
122 -0.002852 
123 0.317414 
124 0.203617 
125 0.264245 
126 0.207197 
127 0.100815 
128 -0.055128 
129 0.037707 
130 -0.081043 
131 0.235832 
132 -0.003208 
133 -0.194753 
134 -0.094851 
135 -0.054352 
136 0.283206 
137 0.090840 
138 0.135211 
139 0.191467 
140 -0.037292 
141 0.155944 
142 -0.095493 
143 -0.080584 
144 -0.143689 
145 0.060422 
146 0.123036 
147 -0.636357 
148 0.034629 
149 0.028496 
150 -0.371652 
151 0.013163 
152 -0.058823 
153 -0.198402 
154 -0.318558 
155 0.251642 
156 -0.290628 
157 -0.052419 
158 -0.084624 
159 -0.140084 
160 -0.036081 
161 0.002154 
162 -0.254837 
163 -0.076442 
164 0.163173 
165 0.151144 
166 0.148928 
167 0.262792 
168 -0.123373 
169 -0.176728 
170 0.145117 
171 -0.189136 
172 0.189109 
173 0.120321 
174 -0.303857 
175 -0.124242 
176 -0.049819 
177 -0.527894 
178 -0.188919 
179 -0.065350 
180 0.007975 
181 0.150751 
182 0.187090 
183 -0.268797 
184 0.290767 
185 -0.066074 
186 -0.035656 
187 0.021236 
188 0.267100 
189 -0.250174 
190 -0.148117 
191 -0.109230 
192 -0.015777 
193 -0.014724 
194 -0.134307 
195 -0.419351 
196 -0.280538 
197 -0.167739 
198 -0.358112 
199 -0.094448 
