0 -0.882920 
1 -0.724791 
2 -0.631994 
3 -0.521799 
4 -1.096245 
5 -0.654253 
6 -0.566221 
7 -0.246339 
8 -1.096085 
9 -1.093386 
10 -0.195541 
11 -0.860042 
12 -1.040123 
13 -0.893735 
14 -0.643165 
15 -0.959808 
16 -0.546677 
17 -0.518446 
18 -0.567299 
19 -0.434256 
20 -0.517033 
21 -0.934704 
22 -1.177834 
23 -0.820231 
24 -1.014095 
25 -0.585368 
26 -0.390849 
27 -0.513282 
28 -0.418152 
29 -0.590118 
30 -0.856705 
31 -0.960970 
32 -1.127488 
33 -0.556731 
34 -0.461852 
35 -0.949263 
36 -0.728378 
37 -0.423210 
38 -0.183677 
39 -1.094004 
40 -0.372083 
41 -1.069802 
42 -0.408700 
43 -1.029233 
44 -0.840094 
45 -1.193342 
46 -0.857958 
47 -0.602522 
48 -0.966840 
49 -0.990261 
50 -0.372252 
51 -1.091391 
52 -0.679647 
53 -0.598814 
54 -0.808454 
55 -0.491935 
56 -0.729197 
57 -0.571464 
58 -1.217921 
59 -0.530118 
60 -0.405373 
61 -0.436114 
62 -0.713098 
63 -0.673019 
64 -0.391457 
65 -0.518160 
66 -1.214114 
67 -1.277330 
68 -0.737849 
69 -0.571195 
70 -0.361172 
71 -0.485490 
72 -0.775101 
73 -0.349401 
74 -0.383463 
75 -0.972863 
76 -0.784308 
77 -0.616748 
78 -1.200336 
79 -0.997256 
80 -0.966689 
81 -0.695231 
82 -0.117127 
83 -0.713107 
84 -0.660248 
85 -0.525831 
86 -0.540294 
87 -0.581063 
88 -1.010306 
89 -1.154441 
90 -0.499552 
91 -0.948462 
92 -0.789061 
93 -0.267075 
94 -0.513656 
95 -1.033952 
96 -0.750854 
97 -0.660857 
98 -0.844334 
99 -0.674169 
100 -0.718432 
101 -0.673201 
102 -0.745802 
103 -0.948662 
104 -1.354856 
105 -0.717639 
106 -1.045347 
107 -1.262784 
108 -0.449783 
109 -0.437186 
110 -0.437697 
111 -0.882002 
112 -0.774326 
113 -0.406459 
114 -0.418431 
115 -0.188109 
116 -1.262393 
117 -0.667973 
118 -0.377959 
119 -0.713811 
120 -0.616335 
121 -0.721444 
122 -0.418770 
123 -1.141236 
124 -0.670829 
125 -0.998221 
126 -0.929764 
127 -0.713804 
128 -1.186797 
129 -0.663831 
130 -0.577334 
131 -0.494828 
132 -0.548150 
133 -0.890950 
134 -0.471866 
135 -0.602936 
136 -0.567065 
137 -0.724584 
138 -0.873255 
139 -1.224961 
140 -0.841321 
141 -0.873762 
142 -0.355681 
143 -0.812214 
144 -0.592834 
145 -0.365631 
146 -1.226666 
147 -0.519775 
148 -1.074322 
149 -0.521402 
150 -0.655811 
151 -0.972320 
152 -0.792670 
153 -0.418788 
154 -0.700150 
155 -0.839111 
156 -0.622671 
157 -0.685466 
158 -1.232926 
159 -0.551000 
160 -0.495741 
161 -0.523777 
162 -0.238126 
163 -0.893450 
164 -1.117512 
165 -0.722234 
166 -1.199131 
167 -0.537106 
168 -0.507736 
169 -1.050398 
170 -0.909446 
171 -0.792484 
172 -0.262218 
173 -0.586601 
174 -0.831111 
175 -1.449798 
176 -0.940230 
177 -0.499916 
178 -0.483702 
179 -0.053409 
180 -0.847792 
181 -0.934634 
182 -0.720466 
183 -0.137165 
184 -1.100440 
185 -1.100233 
186 -0.818655 
187 -0.582177 
188 -0.980338 
189 -0.885526 
190 -0.642339 
191 -0.900763 
192 -0.604933 
193 -0.435404 
194 -0.365980 
195 -0.527030 
196 -1.077667 
197 -0.202283 
198 -0.480698 
199 -0.666534 
