0 0.060615 
1 -0.178497 
2 -0.033691 
3 -0.145660 
4 -0.017900 
5 0.056439 
6 0.303607 
7 -0.135632 
8 0.049522 
9 -0.011526 
10 -0.344955 
11 -0.329040 
12 0.396691 
13 -0.535963 
14 0.026849 
15 0.323753 
16 0.096854 
17 0.193442 
18 -0.222600 
19 -0.039964 
20 0.103279 
21 -0.426334 
22 0.412868 
23 -0.035652 
24 0.244934 
25 0.015205 
26 0.330163 
27 0.262218 
28 -0.069721 
29 -0.153185 
30 0.035789 
31 0.087086 
32 0.248062 
33 0.167280 
34 0.038301 
35 -0.214832 
36 -0.237029 
37 -0.180197 
38 0.092713 
39 0.007178 
40 -0.054095 
41 -0.030127 
42 0.101999 
43 -0.434955 
44 -0.178165 
45 0.067561 
46 0.314183 
47 0.120040 
48 -0.044757 
49 0.203489 
50 0.170874 
51 -0.044542 
52 -0.039873 
53 0.156349 
54 -0.095318 
55 0.054162 
56 0.304840 
57 -0.060864 
58 0.056460 
59 0.033567 
60 0.343299 
61 0.063431 
62 -0.142483 
63 0.000220 
64 0.099366 
65 -0.013564 
66 0.185001 
67 -0.024820 
68 0.247153 
69 0.102963 
70 -0.057693 
71 0.288973 
72 0.217526 
73 0.238658 
74 0.184324 
75 0.181083 
76 0.154696 
77 -0.162295 
78 -0.012603 
79 -0.189846 
80 -0.033825 
81 -0.271631 
82 0.199496 
83 0.087657 
84 -0.120704 
85 0.070141 
86 0.081164 
87 0.250016 
88 -0.038737 
89 0.012947 
90 0.287274 
91 0.303504 
92 0.037971 
93 0.021426 
94 0.309073 
95 0.039221 
96 0.082699 
97 0.130591 
98 0.190078 
99 0.060270 
100 0.119965 
101 0.221952 
102 0.022844 
103 0.325257 
104 0.108069 
105 0.160609 
106 -0.159748 
107 0.082715 
108 0.169320 
109 -0.208265 
110 0.290462 
111 0.085775 
112 0.017860 
113 0.124725 
114 0.315120 
115 0.032657 
116 0.107862 
117 0.069419 
118 -0.148750 
119 -0.277483 
120 -0.187085 
121 0.076578 
122 0.323781 
123 0.179145 
124 -0.062582 
125 0.308795 
126 0.245950 
127 0.022544 
128 -0.290712 
129 0.078807 
130 0.016191 
131 -0.310892 
132 -0.080729 
133 0.002403 
134 0.213512 
135 0.161776 
136 -0.273435 
137 0.034788 
138 -0.361186 
139 0.178564 
140 0.065260 
141 0.187774 
142 -0.123073 
143 0.245963 
144 -0.277724 
145 0.043261 
146 0.235264 
147 -0.101706 
148 -0.014615 
149 0.304790 
150 0.005366 
151 0.074848 
152 0.078481 
153 -0.031251 
154 -0.031568 
155 0.009365 
156 -0.005402 
157 0.141175 
158 0.140986 
159 -0.217543 
160 -0.066125 
161 -0.060812 
162 -0.437852 
163 0.315608 
164 0.219286 
165 -0.467035 
166 -0.024433 
167 0.024543 
168 0.104710 
169 0.073691 
170 0.102964 
171 0.077662 
172 -0.071213 
173 -0.082928 
174 0.169058 
175 0.010066 
176 0.129731 
177 -0.104774 
178 0.081212 
179 0.009201 
180 0.001827 
181 -0.057134 
182 0.174681 
183 -0.117708 
184 0.176587 
185 0.130529 
186 0.068964 
187 -0.050948 
188 0.207813 
189 0.052127 
190 -0.093351 
191 0.059350 
192 -0.220287 
193 0.107180 
194 -0.231501 
195 -0.196911 
196 -0.280093 
197 0.132688 
198 -0.213658 
199 -0.036516 
