0 -0.662738 
1 -0.815741 
2 -0.215891 
3 -0.110854 
4 -1.165869 
5 -0.142514 
6 -0.678745 
7 -0.356590 
8 -1.007820 
9 -0.770800 
10 -0.608636 
11 -0.747262 
12 -0.800727 
13 -0.259277 
14 -0.978740 
15 -0.724949 
16 -0.523041 
17 -0.651473 
18 -1.062367 
19 -0.945227 
20 -0.309866 
21 -0.983151 
22 -0.032482 
23 -0.461324 
24 -0.185180 
25 -0.460663 
26 -0.542135 
27 -0.543339 
28 -0.320621 
29 -0.662077 
30 -0.690343 
31 -0.567827 
32 -0.277063 
33 -0.549080 
34 -0.893944 
35 -0.594831 
36 -0.295810 
37 -0.133446 
38 -0.493516 
39 -0.812306 
40 -0.478475 
41 -1.025182 
42 -0.737490 
43 -1.103788 
44 -0.589896 
45 -0.628411 
46 -0.288837 
47 -0.410619 
48 -0.712880 
49 -0.708473 
50 -0.729713 
51 -0.337008 
52 -0.884940 
53 -0.332140 
54 -1.006775 
55 -0.669606 
56 -0.617637 
57 -0.541599 
58 -0.536753 
59 -0.527927 
60 -0.718471 
61 -0.582970 
62 -0.486584 
63 -0.395236 
64 -0.598939 
65 -0.496567 
66 -0.739744 
67 -0.460458 
68 -0.538627 
69 -0.958245 
70 -0.589415 
71 -0.728081 
72 -0.924163 
73 -0.685281 
74 -0.389343 
75 -0.414506 
76 -0.063132 
77 -0.738058 
78 -0.523098 
79 -0.623324 
80 -0.372513 
81 -0.448939 
82 -0.261542 
83 -0.239298 
84 -0.251777 
85 -0.214524 
86 -0.538315 
87 -0.775702 
88 -1.004558 
89 -1.243110 
90 -0.556662 
91 -1.213809 
92 -1.024732 
93 -0.864691 
94 -0.363414 
95 -0.338023 
96 -0.315211 
97 -0.521406 
98 -0.967971 
99 -0.386851 
100 -0.243127 
101 -0.223672 
102 -0.808430 
103 -0.899184 
104 0.131067 
105 -0.754031 
106 -0.494792 
107 -0.725733 
108 -0.332982 
109 -0.435042 
110 -0.162634 
111 -0.715993 
112 -0.636570 
113 -0.649792 
114 -0.590964 
115 -0.724680 
116 -0.760161 
117 -0.639733 
118 -0.456347 
119 -1.288180 
120 -0.578698 
121 -0.767663 
122 -0.643766 
123 -0.453865 
124 -0.459912 
125 -0.285985 
126 -0.814015 
127 -0.461653 
128 -0.561579 
129 -0.868082 
130 -0.829551 
131 -0.327290 
132 -0.444324 
133 -0.583493 
134 -0.488483 
135 -0.850369 
136 -0.481669 
137 -0.878667 
138 -0.034416 
139 -0.910766 
140 -0.438253 
141 -0.972698 
142 -0.718366 
143 -0.724304 
144 -0.806052 
145 -0.538704 
146 -1.006683 
147 -0.752955 
148 -0.643554 
149 -0.553046 
150 -0.716028 
151 -0.624388 
152 -0.652355 
153 -0.374804 
154 -1.168298 
155 -0.233261 
156 -0.381472 
157 -0.696275 
158 -1.234447 
159 -0.246742 
160 -0.145428 
161 -0.790519 
162 -0.632746 
163 -0.161036 
164 -0.753728 
165 -0.459389 
166 -0.148618 
167 -0.461247 
168 -0.275833 
169 -0.392681 
170 -0.585215 
171 -1.032150 
172 -0.444628 
173 -0.789821 
174 -0.803595 
175 -1.236411 
176 -0.231831 
177 -0.808197 
178 -1.290520 
179 -0.570914 
180 -0.390782 
181 -0.973504 
182 -1.121101 
183 -0.300711 
184 -0.656539 
185 -0.788542 
186 -0.486221 
187 -0.980054 
188 -0.775061 
189 -0.721207 
190 -0.439177 
191 -0.627019 
192 -0.610731 
193 -0.596023 
194 -0.808053 
195 -0.541087 
196 -0.271773 
197 -0.668728 
198 -0.885770 
199 -0.336240 
