0 -0.274953 
1 -0.827687 
2 -0.733504 
3 -0.906313 
4 -0.251186 
5 -0.784113 
6 -0.536859 
7 -0.582958 
8 -0.630807 
9 -0.577916 
10 -0.944178 
11 -0.643479 
12 -0.497428 
13 -0.520978 
14 -0.115453 
15 -0.324799 
16 -0.475197 
17 -0.926732 
18 -0.347741 
19 -0.867662 
20 -1.107629 
21 -0.700788 
22 -0.612040 
23 -0.693087 
24 -0.403473 
25 -0.757615 
26 -0.831566 
27 -0.449748 
28 -0.784340 
29 -0.801789 
30 -0.153080 
31 -0.205008 
32 -0.637303 
33 -0.436166 
34 -0.749014 
35 -0.540244 
36 -0.756918 
37 -0.983027 
38 -0.588586 
39 -0.611920 
40 -0.683502 
41 -0.507371 
42 -0.483204 
43 -0.839388 
44 -0.882016 
45 -0.349986 
46 -0.799956 
47 -0.239969 
48 -0.899309 
49 -0.015680 
50 -0.704190 
51 -0.882165 
52 -0.506721 
53 -0.635485 
54 -0.586049 
55 -0.442108 
56 -0.766225 
57 -0.687049 
58 -0.414152 
59 -0.738276 
60 -0.622307 
61 -0.724393 
62 -0.820007 
63 -0.294476 
64 -0.735761 
65 -0.623768 
66 -0.592048 
67 -0.349809 
68 -0.808460 
69 -0.592307 
70 -0.996269 
71 -0.339660 
72 -1.032543 
73 -0.878697 
74 -0.643667 
75 -0.618295 
76 -0.335361 
77 -0.412427 
78 -0.842056 
79 -0.482216 
80 -0.390321 
81 -0.207122 
82 -0.843150 
83 -0.701236 
84 -0.801244 
85 -0.527894 
86 -0.633988 
87 -0.448963 
88 -0.677208 
89 -0.696207 
90 -0.195117 
91 -0.671819 
92 -0.450972 
93 -0.975199 
94 -0.636005 
95 -0.513543 
96 -0.351513 
97 -0.149751 
98 -0.526146 
99 -0.358610 
100 -0.799218 
101 -0.131959 
102 -0.500470 
103 -0.666363 
104 -0.485356 
105 -0.476292 
106 -0.445698 
107 -0.346005 
108 -0.755224 
109 -0.493627 
110 -0.232553 
111 -0.470494 
112 -1.159050 
113 -0.807617 
114 -0.854142 
115 -0.590388 
116 -1.223280 
117 -0.388973 
118 -0.218403 
119 -0.515866 
120 -0.734154 
121 -1.097899 
122 -0.506190 
123 -0.395794 
124 -0.686438 
125 -0.470396 
126 -0.280496 
127 -0.451348 
128 -0.529004 
129 -0.887678 
130 -1.004551 
131 -0.950513 
132 -1.285104 
133 -0.969594 
134 -0.655299 
135 -0.782718 
136 0.031138 
137 -0.992403 
138 -0.389368 
139 -0.553986 
140 -0.580799 
141 -0.746772 
142 -1.049386 
143 -1.084881 
144 -0.162088 
145 -0.169515 
146 -0.665649 
147 -0.923172 
148 -0.196620 
149 -0.561308 
150 -0.430645 
151 -0.215506 
152 -0.720772 
153 -1.013895 
154 -0.661762 
155 -1.131574 
156 -0.847937 
157 -0.820475 
158 -0.389792 
159 -0.786566 
160 -0.193010 
161 -1.083479 
162 -0.791252 
163 -0.126811 
164 -1.040014 
165 -0.681116 
166 -0.422934 
167 -0.621193 
168 -0.901963 
169 -0.605804 
170 -1.119434 
171 -0.577556 
172 -0.635919 
173 -1.219443 
174 -0.687116 
175 -0.609551 
176 -0.393475 
177 -0.218391 
178 -0.340431 
179 -0.804791 
180 -0.310717 
181 -0.486487 
182 -0.501856 
183 -0.462139 
184 -0.921785 
185 -0.425200 
186 -0.343736 
187 -0.863878 
188 -0.866490 
189 -0.477543 
190 -0.916034 
191 -0.304232 
192 -1.048023 
193 -1.111849 
194 -0.833715 
195 -0.068534 
196 -0.694884 
197 -1.111144 
198 -1.099739 
199 -0.323696 
