0 -0.106451 
1 -0.294303 
2 0.040478 
3 -0.264480 
4 -0.001616 
5 0.331027 
6 -0.059078 
7 -0.499455 
8 0.191972 
9 0.205610 
10 0.269246 
11 0.127641 
12 0.053695 
13 -0.128282 
14 0.019771 
15 -0.332585 
16 -0.172075 
17 -0.136189 
18 -0.193386 
19 -0.078035 
20 -0.262598 
21 0.014827 
22 -0.022218 
23 -0.039465 
24 0.168454 
25 0.197423 
26 0.027162 
27 0.301653 
28 0.108059 
29 0.048804 
30 0.003209 
31 0.127626 
32 0.471895 
33 0.176222 
34 0.072835 
35 0.009317 
36 0.439919 
37 0.116161 
38 -0.240302 
39 0.044661 
40 0.303788 
41 0.051932 
42 -0.154091 
43 -0.127523 
44 -0.019879 
45 0.135965 
46 -0.047320 
47 -0.227115 
48 0.206215 
49 0.042714 
50 0.215373 
51 0.345790 
52 -0.003500 
53 0.083371 
54 -0.194418 
55 -0.112394 
56 -0.514304 
57 0.025028 
58 -0.305321 
59 -0.190633 
60 -0.115808 
61 -0.400877 
62 -0.079292 
63 0.175431 
64 -0.267638 
65 -0.053657 
66 -0.227342 
67 -0.143984 
68 -0.178611 
69 -0.467855 
70 -0.001406 
71 -0.325125 
72 -0.402004 
73 -0.035255 
74 -0.097459 
75 -0.243235 
76 -0.060126 
77 0.000484 
78 -0.094654 
79 0.218538 
80 0.113168 
81 -0.055508 
82 -0.247580 
83 0.128678 
84 0.175825 
85 0.063789 
86 -0.397227 
87 -0.097717 
88 0.104655 
89 -0.225394 
90 0.290816 
91 0.034242 
92 -0.006670 
93 -0.240927 
94 0.028435 
95 0.082522 
96 0.226025 
97 0.123423 
98 -0.072783 
99 -0.189552 
100 0.268491 
101 -0.213650 
102 -0.025941 
103 -0.077675 
104 0.043676 
105 -0.114906 
106 -0.160887 
107 0.262232 
108 0.186091 
109 -0.273196 
110 0.395154 
111 -0.188707 
112 -0.072485 
113 -0.209084 
114 0.308788 
115 -0.016550 
116 0.034204 
117 -0.135885 
118 0.090405 
119 0.163638 
120 0.045280 
121 0.234769 
122 0.292253 
123 -0.033019 
124 -0.137035 
125 0.342015 
126 0.064654 
127 0.071703 
128 -0.168164 
129 -0.022533 
130 -0.038265 
131 -0.408152 
132 0.127350 
133 0.252994 
134 -0.151925 
135 -0.390316 
136 0.446570 
137 0.019579 
138 0.107858 
139 -0.148296 
140 0.054560 
141 -0.079868 
142 0.400240 
143 -0.234844 
144 -0.129608 
145 -0.141717 
146 -0.112355 
147 0.047320 
148 0.073139 
149 0.062528 
150 -0.049348 
151 -0.166029 
152 0.263365 
153 -0.308153 
154 -0.075235 
155 -0.014661 
156 0.254651 
157 0.004024 
158 -0.095601 
159 0.254682 
160 0.285637 
161 -0.183612 
162 -0.197963 
163 -0.096261 
164 -0.182099 
165 -0.017100 
166 0.123851 
167 -0.009534 
168 0.021309 
169 -0.068207 
170 0.162252 
171 0.004118 
172 0.027295 
173 -0.095389 
174 -0.134998 
175 -0.304877 
176 0.093285 
177 -0.165995 
178 -0.405024 
179 -0.023142 
180 0.142600 
181 0.049463 
182 0.337814 
183 0.193493 
184 0.167585 
185 -0.083921 
186 0.031143 
187 -0.074329 
188 -0.246726 
189 0.197870 
190 -0.221462 
191 0.298387 
192 -0.030134 
193 0.268797 
194 0.037952 
195 0.199200 
196 -0.031082 
197 -0.147016 
198 0.253252 
199 0.285714 
