0 -0.367738 
1 -0.237226 
2 -0.231522 
3 -0.660016 
4 -0.688668 
5 -0.539943 
6 -0.798060 
7 -0.517967 
8 -0.528270 
9 -0.466287 
10 -0.709712 
11 -0.556805 
12 -0.734050 
13 -0.441833 
14 -0.443565 
15 -0.710831 
16 -0.390814 
17 -0.801761 
18 -0.429540 
19 -1.237427 
20 -0.510133 
21 -1.078293 
22 -0.551327 
23 -0.477211 
24 -0.713563 
25 -0.034776 
26 -0.570503 
27 -0.211875 
28 -1.115968 
29 -0.568688 
30 -0.487338 
31 -1.053161 
32 -0.097265 
33 -0.942585 
34 -0.482098 
35 -0.395319 
36 -0.827805 
37 -0.583696 
38 -0.734022 
39 -1.276777 
40 -0.217887 
41 -0.620380 
42 -0.767610 
43 -0.644238 
44 -0.167930 
45 -0.868246 
46 -0.825226 
47 -0.622491 
48 -0.781268 
49 -0.390772 
50 -0.788203 
51 -0.402691 
52 -1.126650 
53 -0.186814 
54 -0.612844 
55 -0.557970 
56 -0.528538 
57 -0.437054 
58 -0.914473 
59 -0.567302 
60 -0.360863 
61 -0.453488 
62 -1.212324 
63 -0.572872 
64 -0.641093 
65 -0.645139 
66 -0.161633 
67 -0.220777 
68 -0.490719 
69 -0.587928 
70 -0.381676 
71 -0.348941 
72 -0.516041 
73 -0.545564 
74 -0.650971 
75 -1.158814 
76 -0.239466 
77 -0.294338 
78 -0.525717 
79 -0.634454 
80 -0.647180 
81 -0.424595 
82 -0.228859 
83 -0.500850 
84 -0.593920 
85 -0.285423 
86 -0.634094 
87 -0.312259 
88 -0.884023 
89 -0.310189 
90 -0.335886 
91 -0.654655 
92 -0.319930 
93 -0.399880 
94 -0.121891 
95 -0.509510 
96 -0.509303 
97 -0.725923 
98 -0.467491 
99 -0.614268 
100 -0.691410 
101 -0.471354 
102 -0.286720 
103 -0.100718 
104 -0.576490 
105 -0.152342 
106 -0.521343 
107 -0.614980 
108 -0.435278 
109 -0.543806 
110 -0.361902 
111 -0.574029 
112 -0.633153 
113 -0.970192 
114 -0.402034 
115 -0.435912 
116 -0.774046 
117 -0.285944 
118 -0.672616 
119 -0.725010 
120 -0.562778 
121 -0.527515 
122 -0.292918 
123 -0.666855 
124 -0.601914 
125 -0.373547 
126 -0.558089 
127 -0.433976 
128 -1.008700 
129 -0.384403 
130 -0.532670 
131 -0.610088 
132 -0.428560 
133 -0.621289 
134 -0.347790 
135 -0.375615 
136 -0.439387 
137 -0.640828 
138 -0.587790 
139 -0.337588 
140 -0.157515 
141 -0.602475 
142 -0.332141 
143 -1.175795 
144 -1.254075 
145 -0.972827 
146 -0.520324 
147 -0.613803 
148 -0.580601 
149 -0.171513 
150 -0.779228 
151 -0.518429 
152 -0.789497 
153 -0.492647 
154 -0.642591 
155 -0.379546 
156 -0.945565 
157 -0.562804 
158 -0.471251 
159 -0.432770 
160 -0.965545 
161 -0.507795 
162 -0.974616 
163 -0.733557 
164 -0.200264 
165 -1.069646 
166 -0.793592 
167 -0.072332 
168 -0.247232 
169 -0.454064 
170 -0.193391 
171 -0.930177 
172 -0.870426 
173 -0.371181 
174 -0.610849 
175 -0.185653 
176 -0.873202 
177 -0.702587 
178 -0.298471 
179 -0.463155 
180 -0.656401 
181 -0.779378 
182 -0.604346 
183 -0.593245 
184 -0.455524 
185 -0.225578 
186 -0.792206 
187 -0.241610 
188 -0.295873 
189 -0.334489 
190 -0.268578 
191 -0.852345 
192 -0.570051 
193 -0.433425 
194 -0.615273 
195 -0.142046 
196 -0.726824 
197 -0.456388 
198 -0.848542 
199 -0.655517 
