0 -0.523224 
1 -0.603882 
2 -0.811642 
3 -1.086241 
4 -0.790162 
5 -0.625931 
6 -1.004648 
7 -0.216420 
8 -1.037505 
9 -0.478046 
10 -0.481882 
11 -0.667549 
12 -0.625397 
13 -0.535815 
14 -0.513519 
15 -0.875451 
16 -1.403866 
17 -1.018328 
18 -0.573321 
19 -0.845805 
20 -0.979602 
21 -0.737868 
22 -0.816119 
23 -0.702166 
24 -0.909929 
25 -0.628701 
26 -0.444001 
27 -0.932241 
28 -0.661493 
29 -0.744499 
30 -0.400687 
31 -0.603748 
32 -1.264038 
33 -0.026590 
34 -0.607681 
35 -0.700175 
36 -1.110869 
37 -0.553324 
38 -0.784026 
39 -0.425584 
40 -0.549155 
41 -0.278328 
42 -0.522705 
43 -0.899449 
44 -0.310821 
45 -0.492842 
46 -0.594253 
47 -0.719138 
48 -0.714618 
49 -1.053801 
50 -0.366822 
51 -0.935630 
52 -0.860840 
53 -0.539797 
54 -0.712346 
55 -0.385156 
56 -0.390686 
57 -0.683937 
58 -0.955880 
59 -0.650766 
60 -0.260602 
61 -1.170511 
62 -0.908745 
63 -0.774780 
64 -0.569451 
65 -0.307082 
66 -0.821911 
67 -0.675741 
68 -0.718370 
69 -0.945812 
70 -1.171706 
71 -0.556996 
72 -0.601318 
73 -0.266125 
74 -0.500975 
75 -0.624272 
76 -0.932612 
77 -0.348386 
78 -0.747403 
79 -0.825123 
80 -0.474344 
81 -1.173605 
82 -0.543860 
83 -0.404152 
84 -0.137388 
85 -0.532342 
86 -0.589355 
87 -1.075782 
88 -0.979249 
89 -0.871864 
90 -0.995028 
91 -0.840252 
92 -0.817281 
93 -0.316169 
94 -1.073135 
95 -0.863165 
96 -0.901389 
97 -0.061991 
98 -0.818284 
99 -0.431876 
100 -0.880242 
101 -0.699112 
102 -0.680416 
103 -0.196945 
104 -0.447757 
105 -0.953833 
106 -0.902000 
107 -1.507042 
108 -0.286814 
109 -0.679377 
110 -0.543624 
111 -0.443905 
112 -0.671285 
113 -0.865531 
114 -0.870959 
115 -0.514250 
116 -0.096482 
117 -0.424364 
118 -0.587008 
119 -1.132779 
120 -0.854377 
121 -0.434743 
122 -0.825661 
123 -0.751896 
124 -0.650405 
125 -0.813594 
126 -0.779266 
127 -0.381904 
128 -0.774184 
129 -0.308719 
130 -1.050189 
131 -0.541982 
132 -1.203636 
133 -0.255683 
134 -0.833618 
135 -0.736501 
136 -0.437399 
137 -0.837310 
138 -0.743705 
139 -1.007842 
140 -0.550676 
141 -1.084466 
142 -0.424700 
143 -0.477652 
144 -0.221479 
145 -1.204789 
146 -0.653096 
147 -0.814450 
148 -0.544199 
149 -1.090688 
150 -0.401054 
151 -0.891711 
152 -0.215884 
153 -0.835524 
154 -1.085368 
155 -0.798862 
156 -0.879719 
157 -1.119915 
158 -0.831792 
159 -0.368919 
160 -0.920757 
161 -0.751474 
162 -1.084746 
163 -0.280098 
164 -0.150307 
165 -0.818731 
166 -1.353655 
167 -0.038997 
168 -0.967392 
169 -0.353982 
170 -0.826528 
171 -1.023089 
172 -0.543285 
173 -0.750730 
174 -0.623956 
175 -1.216537 
176 -0.665532 
177 -1.054611 
178 -0.704903 
179 -0.818642 
180 -0.855501 
181 -0.346345 
182 -0.803920 
183 -0.995356 
184 -0.982621 
185 -0.926759 
186 -0.878889 
187 -0.584432 
188 -0.759413 
189 -0.217182 
190 -0.916630 
191 -0.920949 
192 -1.077462 
193 -0.762773 
194 -0.821448 
195 -1.122707 
196 -0.710205 
197 -0.885597 
198 -0.779435 
199 -0.624725 
