0 0.057890 
1 -0.154924 
2 -0.431593 
3 0.199910 
4 -0.014704 
5 0.082677 
6 0.202770 
7 0.209964 
8 -0.269710 
9 -0.113115 
10 0.003860 
11 0.141214 
12 0.014598 
13 -0.333309 
14 0.140475 
15 0.085840 
16 -0.203687 
17 0.021934 
18 -0.182503 
19 0.087352 
20 -0.352604 
21 0.294604 
22 0.011480 
23 -0.095289 
24 -0.204434 
25 -0.215839 
26 0.173620 
27 0.000566 
28 0.085787 
29 0.131281 
30 0.246838 
31 -0.002238 
32 -0.043052 
33 -0.062791 
34 -0.080981 
35 -0.262720 
36 -0.006286 
37 -0.233352 
38 -0.397189 
39 0.215604 
40 -0.210923 
41 -0.265986 
42 0.151142 
43 0.271323 
44 0.045849 
45 -0.005681 
46 0.109384 
47 -0.026124 
48 0.121976 
49 -0.369434 
50 -0.090964 
51 -0.312410 
52 -0.100223 
53 0.145323 
54 -0.035429 
55 0.067673 
56 0.118824 
57 -0.364760 
58 0.099544 
59 0.099390 
60 0.183101 
61 -0.028504 
62 -0.140743 
63 -0.082148 
64 -0.055047 
65 -0.024694 
66 -0.600808 
67 0.096221 
68 0.010769 
69 -0.210097 
70 -0.435665 
71 -0.254660 
72 -0.128594 
73 -0.004328 
74 -0.154098 
75 0.087761 
76 -0.153785 
77 0.349947 
78 0.028738 
79 0.104493 
80 0.007881 
81 -0.124196 
82 0.093819 
83 -0.018257 
84 0.139955 
85 -0.029269 
86 0.036202 
87 0.061759 
88 0.167730 
89 0.309771 
90 -0.170545 
91 -0.109703 
92 -0.125966 
93 0.361483 
94 0.098596 
95 -0.002155 
96 0.043804 
97 0.025835 
98 0.282327 
99 -0.093699 
100 0.175665 
101 0.363900 
102 0.104823 
103 -0.099975 
104 0.167591 
105 -0.152386 
106 -0.023140 
107 0.029764 
108 0.148264 
109 0.024175 
110 0.088258 
111 -0.144110 
112 0.018436 
113 -0.018520 
114 -0.037911 
115 0.126951 
116 -0.162333 
117 -0.202297 
118 -0.101411 
119 0.096097 
120 -0.309175 
121 0.098775 
122 0.056966 
123 -0.218916 
124 -0.524379 
125 0.130712 
126 0.072700 
127 -0.213137 
128 0.144077 
129 -0.152777 
130 -0.332710 
131 -0.125892 
132 0.137894 
133 0.105167 
134 0.193920 
135 0.251159 
136 0.011377 
137 0.252016 
138 -0.125008 
139 0.178746 
140 -0.166847 
141 -0.039053 
142 0.231860 
143 0.143276 
144 0.060006 
145 -0.292733 
146 0.253890 
147 -0.087764 
148 -0.198234 
149 -0.118266 
150 -0.170802 
151 -0.021643 
152 0.073093 
153 -0.252270 
154 0.094579 
155 0.156781 
156 0.034615 
157 0.149107 
158 -0.000581 
159 0.140012 
160 0.090933 
161 -0.080262 
162 0.042386 
163 0.093073 
164 -0.038290 
165 -0.161864 
166 -0.270139 
167 -0.086081 
168 -0.144163 
169 -0.029470 
170 -0.238480 
171 -0.115220 
172 -0.098079 
173 -0.217023 
174 -0.002671 
175 -0.200994 
176 0.015537 
177 0.174855 
178 0.080538 
179 -0.302563 
180 -0.159743 
181 0.136381 
182 -0.041550 
183 -0.037195 
184 -0.329321 
185 -0.157709 
186 -0.244657 
187 0.143403 
188 -0.011762 
189 -0.309879 
190 -0.128935 
191 -0.069785 
192 -0.223386 
193 -0.290602 
194 -0.360943 
195 0.232803 
196 -0.000723 
197 -0.084983 
198 0.106765 
199 0.192358 
