0 0.107625 
1 0.250789 
2 -0.039305 
3 -0.203867 
4 -0.004083 
5 0.100596 
6 -0.183111 
7 0.209246 
8 0.108765 
9 -0.017964 
10 -0.200933 
11 0.214487 
12 -0.073542 
13 0.358276 
14 -0.063961 
15 -0.205166 
16 -0.021256 
17 0.216236 
18 -0.197075 
19 0.172817 
20 -0.020739 
21 -0.381051 
22 -0.022307 
23 -0.319252 
24 0.347831 
25 -0.445862 
26 0.415383 
27 0.039836 
28 0.224273 
29 0.068522 
30 0.204732 
31 0.204845 
32 0.549979 
33 0.243193 
34 -0.112253 
35 0.098199 
36 0.057266 
37 -0.049038 
38 0.091024 
39 0.203199 
40 -0.176371 
41 -0.242631 
42 0.297148 
43 0.065658 
44 0.076704 
45 0.053331 
46 0.045090 
47 -0.217434 
48 0.001448 
49 0.169551 
50 0.068018 
51 0.131643 
52 0.414021 
53 0.160595 
54 0.169512 
55 0.310084 
56 -0.066893 
57 0.164785 
58 0.113881 
59 0.000369 
60 0.020423 
61 -0.079756 
62 0.351962 
63 -0.142047 
64 0.271467 
65 0.061745 
66 0.128693 
67 -0.016284 
68 0.063546 
69 -0.247818 
70 0.032003 
71 0.007231 
72 -0.255826 
73 0.388749 
74 -0.060894 
75 0.152626 
76 0.027422 
77 0.220810 
78 -0.213017 
79 -0.039520 
80 0.204612 
81 -0.303599 
82 -0.138271 
83 0.085404 
84 -0.182325 
85 0.087544 
86 0.092705 
87 0.224602 
88 -0.653197 
89 -0.235560 
90 -0.128889 
91 -0.025857 
92 -0.159120 
93 -0.066375 
94 0.064907 
95 0.246811 
96 -0.575272 
97 0.146287 
98 -0.035797 
99 0.051769 
100 0.411592 
101 -0.116424 
102 -0.218646 
103 0.083648 
104 0.029462 
105 -0.268667 
106 0.098058 
107 -0.162806 
108 -0.067972 
109 -0.239727 
110 0.134178 
111 0.009406 
112 0.018813 
113 -0.247711 
114 -0.175994 
115 0.107857 
116 0.015732 
117 -0.066273 
118 0.018225 
119 0.122873 
120 0.229678 
121 0.346529 
122 0.075506 
123 0.095659 
124 0.045920 
125 0.240100 
126 -0.256501 
127 -0.022766 
128 -0.158014 
129 -0.097504 
130 -0.212966 
131 -0.189300 
132 0.261666 
133 0.090884 
134 0.112253 
135 -0.018841 
136 0.110529 
137 0.066533 
138 0.084371 
139 0.169452 
140 0.168489 
141 0.160473 
142 -0.046739 
143 -0.051144 
144 0.350700 
145 0.272509 
146 0.158965 
147 -0.260039 
148 0.216976 
149 0.083491 
150 -0.108258 
151 -0.038757 
152 0.008312 
153 0.145028 
154 0.226350 
155 -0.050288 
156 0.049421 
157 -0.174686 
158 0.354977 
159 0.265436 
160 -0.040566 
161 0.435515 
162 0.078447 
163 -0.006226 
164 0.193051 
165 -0.090408 
166 0.137229 
167 0.424288 
168 -0.137680 
169 0.202737 
170 0.195830 
171 -0.356688 
172 -0.174858 
173 -0.176026 
174 -0.298732 
175 0.106460 
176 0.119281 
177 -0.002613 
178 0.309147 
179 -0.135572 
180 -0.145908 
181 0.237616 
182 0.068890 
183 0.272679 
184 -0.133721 
185 0.105079 
186 0.114873 
187 0.271513 
188 -0.248447 
189 -0.175118 
190 0.178234 
191 -0.185395 
192 0.115637 
193 0.031258 
194 -0.060477 
195 0.180748 
196 -0.010476 
197 0.396686 
198 -0.280160 
199 -0.152738 
