0 -0.843566 
1 -0.709567 
2 -0.803717 
3 -0.409411 
4 -0.554319 
5 -0.880742 
6 -0.244919 
7 -0.865650 
8 -0.214029 
9 -0.426978 
10 -0.971635 
11 -0.772352 
12 -0.843919 
13 -0.362296 
14 -0.203813 
15 -0.756089 
16 -1.161637 
17 -0.629602 
18 -0.419712 
19 -1.024337 
20 -0.929412 
21 -0.673953 
22 -0.966992 
23 -0.685133 
24 -0.647087 
25 -0.909644 
26 -0.463117 
27 -0.978834 
28 -0.275690 
29 -0.903774 
30 -0.629971 
31 -0.784703 
32 -1.047286 
33 -0.651816 
34 -0.930980 
35 -0.566556 
36 -0.906123 
37 -0.659586 
38 -1.047739 
39 -0.766201 
40 -1.005322 
41 -0.296335 
42 -0.612456 
43 -0.815834 
44 -0.804946 
45 -0.932183 
46 -0.676967 
47 -0.753844 
48 -0.605787 
49 -0.735345 
50 -0.994628 
51 -1.101591 
52 -0.174441 
53 -0.445240 
54 -0.598789 
55 -1.130311 
56 -0.267402 
57 -0.627425 
58 -0.628112 
59 -0.514038 
60 -0.597795 
61 -0.897285 
62 -0.841903 
63 -0.877845 
64 -0.346807 
65 -0.445589 
66 -0.193216 
67 -0.951049 
68 -1.038482 
69 -0.473087 
70 -0.679195 
71 -0.843344 
72 -0.642751 
73 -0.929526 
74 -0.442426 
75 -0.580273 
76 -0.879641 
77 -0.662220 
78 -0.801803 
79 -0.359113 
80 -0.688461 
81 -1.070284 
82 -0.703083 
83 -1.380156 
84 -0.683827 
85 -0.569251 
86 -1.005576 
87 -0.656592 
88 -0.779646 
89 -0.647251 
90 -0.795861 
91 -0.747985 
92 -1.016248 
93 -0.904346 
94 -1.183449 
95 -0.301698 
96 -0.590195 
97 -0.372832 
98 -0.702796 
99 -0.670636 
100 -0.679402 
101 -0.775906 
102 -0.468110 
103 -0.391785 
104 -0.447190 
105 -0.828143 
106 -0.109446 
107 -0.979180 
108 -0.514555 
109 -1.078806 
110 -0.555570 
111 -0.882385 
112 -0.697169 
113 -0.123955 
114 -0.633597 
115 -1.058812 
116 -0.764686 
117 -0.707672 
118 -0.742463 
119 -0.337422 
120 -0.624822 
121 -0.168162 
122 -0.638713 
123 -0.623417 
124 -0.818379 
125 -0.687056 
126 -0.867774 
127 -0.533368 
128 -0.707226 
129 -0.704114 
130 -0.884172 
131 -0.699267 
132 -0.411921 
133 -0.330971 
134 -0.669333 
135 -1.001528 
136 -0.685207 
137 -0.836284 
138 -0.631364 
139 -0.155816 
140 -0.657275 
141 -0.721918 
142 -1.056912 
143 -0.908999 
144 -0.660183 
145 -0.964495 
146 -0.790493 
147 -0.256405 
148 -1.110252 
149 -0.651257 
150 -0.401087 
151 -0.428480 
152 -0.584601 
153 -0.199571 
154 -0.616418 
155 -0.775984 
156 -0.403297 
157 -1.101470 
158 -0.474672 
159 -0.680321 
160 -0.340469 
161 -0.590958 
162 -0.779523 
163 -0.324027 
164 -1.033847 
165 -0.885399 
166 -0.522482 
167 -0.947560 
168 -0.867192 
169 -0.813952 
170 -0.566631 
171 -0.459663 
172 -1.138286 
173 -0.667315 
174 -0.393846 
175 -0.674858 
176 -0.788732 
177 -0.611534 
178 -0.489623 
179 -0.130073 
180 -0.632459 
181 -1.145204 
182 -0.617545 
183 -0.130832 
184 -0.243016 
185 -0.700875 
186 -0.830406 
187 -1.185117 
188 -0.724332 
189 -0.681721 
190 -0.848053 
191 -0.728539 
192 -0.537118 
193 -1.019487 
194 -0.870373 
195 -0.371089 
196 -0.859896 
197 -0.794146 
198 -0.899112 
199 -0.933500 
