0 -0.948571 
1 -0.703840 
2 -0.864305 
3 -0.774638 
4 -0.951660 
5 -1.139437 
6 -0.719753 
7 -0.960668 
8 -0.539958 
9 -0.731472 
10 -0.518555 
11 -0.327220 
12 -0.640622 
13 -0.855453 
14 -1.057610 
15 -0.447169 
16 -0.911149 
17 -0.637584 
18 -0.867135 
19 -0.677579 
20 -0.836533 
21 -1.242669 
22 -0.484173 
23 -0.352913 
24 -0.968453 
25 -0.508763 
26 -0.606077 
27 -1.201240 
28 -1.077046 
29 -0.606444 
30 -0.553088 
31 -0.761148 
32 -0.780165 
33 -0.516571 
34 -0.538929 
35 -0.647397 
36 -1.331239 
37 -0.703671 
38 -0.463525 
39 -0.572562 
40 -0.478486 
41 -0.715236 
42 -0.540205 
43 -0.214119 
44 -0.724409 
45 -0.700146 
46 -0.760399 
47 -0.940048 
48 -0.428820 
49 -0.993239 
50 -1.082525 
51 -1.415990 
52 -1.142081 
53 -0.538704 
54 -0.613821 
55 -0.589643 
56 -0.800523 
57 -0.800750 
58 -1.055512 
59 -0.598038 
60 -0.762588 
61 -0.911414 
62 -0.732879 
63 -0.788824 
64 -0.720313 
65 -1.164564 
66 -0.703753 
67 -0.517908 
68 -0.937611 
69 -0.472366 
70 -1.461386 
71 -0.705595 
72 -1.216075 
73 -1.284327 
74 -1.018829 
75 -0.751801 
76 -0.964761 
77 -0.933213 
78 -0.930878 
79 -0.790428 
80 -1.304137 
81 -0.719107 
82 -0.844134 
83 -0.215056 
84 -0.826092 
85 -1.188806 
86 -1.008570 
87 -1.213097 
88 -0.190933 
89 -1.235630 
90 -0.915043 
91 -0.819446 
92 -0.860263 
93 -1.355934 
94 -0.959906 
95 -1.089748 
96 -0.261750 
97 -0.711479 
98 -0.800820 
99 -0.704478 
100 -0.940237 
101 -0.654475 
102 -0.780550 
103 -1.196943 
104 -1.183020 
105 -0.907684 
106 -1.343197 
107 -0.839376 
108 -0.665458 
109 -0.647953 
110 -0.152200 
111 -0.687485 
112 -0.149305 
113 -0.768818 
114 -0.909366 
115 -0.318830 
116 -1.184777 
117 -0.273215 
118 -0.435735 
119 -1.030114 
120 -0.949097 
121 -0.897891 
122 -0.397982 
123 -1.024789 
124 -1.399988 
125 -0.382241 
126 -0.970874 
127 -0.720968 
128 -0.595846 
129 -0.860175 
130 -0.543997 
131 -1.228168 
132 -0.737816 
133 -0.955216 
134 -0.762766 
135 -0.881236 
136 -1.173517 
137 -1.155278 
138 -1.049456 
139 -0.632727 
140 -0.537109 
141 -1.091359 
142 -0.970216 
143 -0.409044 
144 -1.259674 
145 -0.232466 
146 -0.821330 
147 -1.275683 
148 -0.937351 
149 -0.598848 
150 -0.644377 
151 -0.909736 
152 -0.943637 
153 -0.576089 
154 -0.690922 
155 -0.855784 
156 -0.688167 
157 -0.776495 
158 -0.844371 
159 -0.648453 
160 -0.922079 
161 -0.579797 
162 -0.349684 
163 -0.490864 
164 -0.368350 
165 -0.905067 
166 -0.665809 
167 -0.671437 
168 -0.951817 
169 -0.337262 
170 -0.384737 
171 -0.802239 
172 -0.674526 
173 -0.807101 
174 -0.638976 
175 -0.922654 
176 -0.561781 
177 -0.550008 
178 -0.759864 
179 -0.982321 
180 -1.055454 
181 -0.766487 
182 -0.969271 
183 -0.890868 
184 -0.667359 
185 -0.630430 
186 -0.623017 
187 -0.998118 
188 -0.478426 
189 -1.093008 
190 -0.768673 
191 -1.217325 
192 -0.607538 
193 -1.045314 
194 -1.146035 
195 -0.930003 
196 -0.987251 
197 -1.335426 
198 -0.803456 
199 -1.328457 
