0 -1.076587 
1 -1.303929 
2 -0.392880 
3 -0.592967 
4 -0.479464 
5 -0.794873 
6 -0.629609 
7 -0.336596 
8 -1.710964 
9 -1.042270 
10 -0.900920 
11 -1.045537 
12 -1.037228 
13 -0.539643 
14 -1.390097 
15 -1.204018 
16 -0.810214 
17 -0.611979 
18 -0.679168 
19 -0.393812 
20 -0.407628 
21 -1.076163 
22 -0.472510 
23 -0.825528 
24 -0.468588 
25 -0.908654 
26 -0.878532 
27 -0.771351 
28 -0.748416 
29 -0.936491 
30 -0.577659 
31 -0.374918 
32 -1.004585 
33 -0.892334 
34 -0.486466 
35 -0.834635 
36 -0.572211 
37 -1.282043 
38 -0.965796 
39 -0.222000 
40 -0.577071 
41 -0.647642 
42 -0.474624 
43 -1.237488 
44 -0.934539 
45 -1.102743 
46 -0.666483 
47 -0.922902 
48 -0.671577 
49 -0.023627 
50 -0.525886 
51 -0.771248 
52 -1.119470 
53 -1.274531 
54 -0.803017 
55 -0.885412 
56 -0.701388 
57 -0.526102 
58 -0.454646 
59 -0.675736 
60 -0.709383 
61 -0.618818 
62 -1.235961 
63 -0.564133 
64 -1.011161 
65 -0.533886 
66 -0.724945 
67 -0.690589 
68 -0.818122 
69 -1.166940 
70 -0.885682 
71 -0.975603 
72 -0.636664 
73 -0.262839 
74 -0.750359 
75 -0.609959 
76 -0.392458 
77 -0.739691 
78 -0.584383 
79 -0.814585 
80 -1.074348 
81 -1.365446 
82 -0.777850 
83 -0.978284 
84 -1.122650 
85 -0.948125 
86 -0.371699 
87 -0.601686 
88 -0.443555 
89 -1.284207 
90 -1.408645 
91 -0.550568 
92 -0.655295 
93 -0.182093 
94 -0.524921 
95 -1.294365 
96 -1.208136 
97 -0.979743 
98 -0.237112 
99 -0.962240 
100 0.004133 
101 -0.509235 
102 -1.120277 
103 -1.021000 
104 -1.184325 
105 -1.198560 
106 -0.862101 
107 -1.098924 
108 -0.737381 
109 -0.585886 
110 -1.109121 
111 -1.148576 
112 -0.850405 
113 -1.163768 
114 -1.434796 
115 -1.376371 
116 -1.146962 
117 -0.836703 
118 -0.301137 
119 -1.288288 
120 -1.107795 
121 -0.801656 
122 -1.044655 
123 -0.749131 
124 -0.527621 
125 -0.450459 
126 -1.041690 
127 -0.511091 
128 -0.993654 
129 -1.323177 
130 -0.736377 
131 -0.784078 
132 -1.041225 
133 -1.189343 
134 -0.426593 
135 -0.856078 
136 -0.998578 
137 -1.064978 
138 -1.437719 
139 -0.779626 
140 -0.767676 
141 -0.817737 
142 -1.212754 
143 -1.088173 
144 -1.352373 
145 -1.172475 
146 -1.089629 
147 -0.757732 
148 -0.738818 
149 -0.991907 
150 -1.164252 
151 -0.839968 
152 -0.427962 
153 -0.837449 
154 -1.447832 
155 -0.743040 
156 -0.976414 
157 -0.963954 
158 -1.237806 
159 -0.445200 
160 -0.776212 
161 -0.953284 
162 -0.892191 
163 -1.120035 
164 -1.323459 
165 -0.221391 
166 -0.478370 
167 -1.121736 
168 -0.580910 
169 -1.236749 
170 -0.740856 
171 -1.714190 
172 -0.651172 
173 -0.907585 
174 -0.617621 
175 -0.581595 
176 -0.224918 
177 -0.342434 
178 -0.792163 
179 -0.834857 
180 -0.502148 
181 -0.442322 
182 -0.911960 
183 -0.235170 
184 -0.641367 
185 -1.243394 
186 -0.880298 
187 -0.464907 
188 -0.495353 
189 -0.842407 
190 -0.552871 
191 -0.881089 
192 -0.965406 
193 -0.552277 
194 -0.409510 
195 -0.607518 
196 -0.983710 
197 -0.988026 
198 -0.718900 
199 -1.166598 
