0 -0.174761 
1 0.213742 
2 -0.542367 
3 -0.063699 
4 0.070777 
5 -0.050234 
6 -0.053516 
7 -0.293680 
8 -0.084891 
9 -0.171076 
10 0.111547 
11 0.108331 
12 0.190663 
13 0.196746 
14 0.139408 
15 0.012331 
16 0.156274 
17 -0.140867 
18 0.016970 
19 -0.173622 
20 -0.179001 
21 0.185511 
22 0.052118 
23 -0.080826 
24 -0.335474 
25 0.101899 
26 0.218018 
27 -0.086419 
28 0.031583 
29 -0.240705 
30 -0.134029 
31 0.069790 
32 0.068280 
33 -0.023094 
34 0.048143 
35 -0.252323 
36 0.047732 
37 0.054488 
38 -0.079873 
39 0.364305 
40 0.172089 
41 0.025523 
42 -0.052645 
43 -0.022598 
44 -0.094352 
45 0.079728 
46 0.029412 
47 -0.166155 
48 -0.107326 
49 -0.029622 
50 -0.337053 
51 -0.106363 
52 -0.228552 
53 0.261274 
54 0.138600 
55 -0.287004 
56 -0.016080 
57 0.169422 
58 -0.139588 
59 -0.107404 
60 0.010059 
61 0.278283 
62 0.240919 
63 -0.023236 
64 -0.316877 
65 -0.106590 
66 -0.155068 
67 0.039445 
68 0.131755 
69 -0.279928 
70 -0.177077 
71 0.093504 
72 -0.095414 
73 -0.209539 
74 0.263396 
75 0.044075 
76 0.188964 
77 0.556320 
78 0.002683 
79 0.157524 
80 0.100750 
81 -0.043950 
82 0.276948 
83 0.197076 
84 -0.061775 
85 0.017422 
86 -0.017151 
87 0.214106 
88 -0.091609 
89 0.228417 
90 0.306006 
91 0.069410 
92 -0.179277 
93 -0.029280 
94 -0.096591 
95 -0.072922 
96 -0.081241 
97 0.159129 
98 0.031567 
99 -0.106582 
100 0.029893 
101 -0.511122 
102 0.043767 
103 -0.002948 
104 0.048650 
105 0.186981 
106 0.201721 
107 0.049847 
108 -0.092674 
109 -0.075839 
110 0.056203 
111 0.348581 
112 -0.166203 
113 0.167676 
114 -0.308075 
115 -0.169247 
116 -0.274646 
117 0.093003 
118 -0.003713 
119 -0.092216 
120 -0.255514 
121 0.120476 
122 -0.093439 
123 0.000848 
124 -0.348659 
125 -0.093739 
126 -0.103913 
127 -0.067742 
128 0.012523 
129 -0.012133 
130 -0.094394 
131 0.028425 
132 0.316419 
133 0.075617 
134 0.244825 
135 0.234457 
136 0.212279 
137 0.296559 
138 -0.132955 
139 0.210802 
140 -0.213023 
141 0.009964 
142 -0.142425 
143 0.042950 
144 -0.182591 
145 -0.172202 
146 -0.109131 
147 -0.002417 
148 -0.312701 
149 0.089002 
150 0.173495 
151 -0.114271 
152 0.251135 
153 -0.061793 
154 -0.235431 
155 -0.143305 
156 -0.067627 
157 0.099387 
158 -0.002167 
159 0.193142 
160 0.246214 
161 0.346645 
162 0.339622 
163 -0.083292 
164 0.252033 
165 0.215986 
166 0.203866 
167 0.177714 
168 0.142403 
169 -0.016477 
170 0.181780 
171 -0.215028 
172 -0.013692 
173 0.026000 
174 -0.168025 
175 -0.096083 
176 0.034114 
177 -0.226441 
178 0.269243 
179 0.120262 
180 0.020712 
181 0.027138 
182 0.357074 
183 -0.309383 
184 0.036944 
185 -0.043939 
186 0.150517 
187 -0.298991 
188 -0.150412 
189 0.227086 
190 -0.271862 
191 0.129450 
192 -0.288599 
193 0.056906 
194 0.158076 
195 0.046284 
196 0.184941 
197 0.080963 
198 0.046795 
199 -0.224001 
