0 0.018433 
1 -0.279147 
2 -0.584100 
3 -0.797915 
4 -0.510487 
5 -0.600639 
6 -0.314816 
7 -0.694487 
8 -0.693182 
9 -0.416465 
10 -0.629003 
11 -0.549771 
12 -0.624216 
13 -0.606448 
14 -0.585851 
15 -0.801094 
16 -0.563555 
17 -0.309808 
18 -1.017908 
19 -0.434996 
20 -0.445881 
21 -0.411912 
22 -0.634232 
23 -0.599669 
24 -0.343175 
25 -0.571554 
26 -0.829881 
27 -0.658380 
28 -0.987362 
29 -0.862348 
30 -0.391175 
31 -0.740041 
32 -0.890193 
33 -0.551537 
34 -0.762395 
35 -0.087027 
36 -0.515573 
37 -0.378825 
38 -0.650956 
39 -0.215232 
40 -0.083447 
41 -0.226829 
42 -0.860319 
43 -0.651443 
44 -0.473021 
45 -0.525852 
46 -0.623922 
47 -0.258035 
48 -0.481761 
49 -0.754334 
50 -0.440612 
51 -0.681282 
52 -0.289302 
53 -0.357252 
54 -0.012855 
55 -0.658381 
56 -0.865503 
57 -0.207309 
58 -0.325762 
59 -0.558375 
60 -0.769098 
61 -0.314805 
62 -0.629882 
63 -0.117162 
64 -0.588160 
65 -0.669047 
66 -0.806574 
67 -0.425977 
68 -0.431866 
69 -0.781215 
70 -0.518258 
71 -0.797118 
72 -0.796885 
73 0.075234 
74 -0.639728 
75 -0.738291 
76 -0.325816 
77 -0.718227 
78 -0.954818 
79 -0.565585 
80 -0.338596 
81 -0.556661 
82 -0.775452 
83 -0.430155 
84 -0.673960 
85 -0.592239 
86 -0.554110 
87 -0.483179 
88 -0.239021 
89 -0.501094 
90 -0.933660 
91 0.061004 
92 -1.296163 
93 -0.755766 
94 -0.379306 
95 -0.595645 
96 -0.725447 
97 -0.756985 
98 -0.626863 
99 -0.489677 
100 -0.902038 
101 -0.243091 
102 -0.718953 
103 -0.377377 
104 -0.602380 
105 -0.458163 
106 -0.540427 
107 -0.122785 
108 -0.414018 
109 -0.315972 
110 -0.172864 
111 -0.299366 
112 -0.740556 
113 -0.082942 
114 -0.754756 
115 -0.926670 
116 -0.264242 
117 -0.508346 
118 -0.493209 
119 -0.408213 
120 -0.923661 
121 -0.498887 
122 -0.685303 
123 -0.383862 
124 -0.011400 
125 -0.429255 
126 -0.582303 
127 -0.334835 
128 -0.045139 
129 -0.333733 
130 -0.497549 
131 -0.492494 
132 -0.457218 
133 -1.032101 
134 -0.786083 
135 -0.901349 
136 -0.598383 
137 -0.788378 
138 -0.210395 
139 -0.793272 
140 -0.391310 
141 -0.553194 
142 -0.448881 
143 -0.480580 
144 -0.601641 
145 -0.508377 
146 -0.369760 
147 -0.933161 
148 -0.367381 
149 -0.469113 
150 -0.166381 
151 -0.164489 
152 -0.307457 
153 -0.239220 
154 -0.909143 
155 -0.417514 
156 -1.184632 
157 -0.503792 
158 -0.667967 
159 -0.546275 
160 -0.679451 
161 -0.450632 
162 -0.752508 
163 -0.300608 
164 -0.863604 
165 -0.410514 
166 -0.463951 
167 -0.442944 
168 -1.184795 
169 -0.758683 
170 -0.740081 
171 -0.905215 
172 -0.498639 
173 -0.397123 
174 -0.184817 
175 -0.852603 
176 -0.433615 
177 -0.286341 
178 -0.783724 
179 -0.354937 
180 -0.082078 
181 -0.130730 
182 -0.488481 
183 -0.552977 
184 -0.052152 
185 -0.648597 
186 -0.950258 
187 -0.852044 
188 -0.484597 
189 -0.931077 
190 -0.348860 
191 -0.645126 
192 -0.708671 
193 -0.527887 
194 -0.235593 
195 -0.400838 
196 -0.136864 
197 -0.260736 
198 -0.695873 
199 -0.455881 
