0 -0.327027 
1 -0.045175 
2 -0.078489 
3 -0.359988 
4 0.040620 
5 0.199147 
6 -0.240451 
7 -0.089402 
8 0.075376 
9 -0.281337 
10 -0.016618 
11 0.183936 
12 0.007810 
13 0.272976 
14 -0.276775 
15 -0.212869 
16 0.179689 
17 -0.480387 
18 -0.239622 
19 -0.099910 
20 0.055874 
21 -0.106037 
22 -0.265599 
23 0.206874 
24 -0.058748 
25 0.129118 
26 0.116188 
27 -0.175299 
28 0.026545 
29 0.250500 
30 0.068653 
31 0.156858 
32 0.171773 
33 -0.306467 
34 0.118125 
35 0.099418 
36 -0.197205 
37 0.283190 
38 -0.329625 
39 -0.356790 
40 0.020738 
41 -0.423222 
42 -0.119812 
43 0.253745 
44 -0.008911 
45 0.065240 
46 -0.041033 
47 -0.261786 
48 0.058164 
49 -0.342293 
50 0.131272 
51 -0.282512 
52 0.197513 
53 0.155447 
54 -0.004150 
55 -0.188474 
56 0.062275 
57 0.060450 
58 -0.364722 
59 0.110343 
60 -0.393269 
61 -0.261466 
62 -0.031292 
63 0.225135 
64 0.007034 
65 -0.073596 
66 0.004716 
67 -0.097258 
68 -0.073262 
69 -0.035205 
70 -0.017283 
71 -0.223873 
72 -0.153421 
73 0.098777 
74 -0.084379 
75 0.273254 
76 -0.148787 
77 0.012913 
78 0.010760 
79 -0.183853 
80 0.115725 
81 -0.025869 
82 -0.298734 
83 -0.202130 
84 0.042719 
85 0.055040 
86 0.329402 
87 -0.001958 
88 -0.052133 
89 0.366920 
90 0.154171 
91 0.247135 
92 0.136870 
93 -0.146869 
94 0.088293 
95 0.052982 
96 0.171663 
97 0.039595 
98 0.042746 
99 -0.294999 
100 -0.219343 
101 -0.072508 
102 0.040237 
103 -0.095191 
104 -0.046402 
105 -0.064593 
106 -0.115681 
107 -0.225036 
108 -0.042672 
109 0.142134 
110 0.095341 
111 0.039951 
112 -0.239144 
113 0.079264 
114 -0.038315 
115 0.079923 
116 -0.193558 
117 -0.201984 
118 0.126925 
119 -0.001783 
120 0.002582 
121 -0.164498 
122 -0.408910 
123 0.123680 
124 -0.197619 
125 -0.173405 
126 -0.217274 
127 -0.286035 
128 0.200688 
129 0.139628 
130 -0.183686 
131 0.383026 
132 0.081105 
133 -0.032607 
134 -0.005381 
135 0.215342 
136 0.044429 
137 -0.354508 
138 -0.141263 
139 0.073693 
140 0.102872 
141 0.064837 
142 -0.039172 
143 -0.244213 
144 0.240074 
145 0.107354 
146 -0.456692 
147 -0.057868 
148 -0.052935 
149 0.267557 
150 -0.003271 
151 0.333943 
152 0.187845 
153 -0.070617 
154 0.130667 
155 -0.005615 
156 0.227426 
157 0.012141 
158 -0.010879 
159 0.013715 
160 -0.082660 
161 0.059112 
162 0.023109 
163 -0.188493 
164 0.227050 
165 0.352096 
166 -0.002087 
167 0.033234 
168 -0.081514 
169 -0.045663 
170 0.140775 
171 0.022486 
172 -0.307929 
173 0.034933 
174 -0.130867 
175 -0.251359 
176 0.228691 
177 0.075312 
178 -0.097021 
179 -0.282009 
180 -0.070092 
181 0.149374 
182 0.194063 
183 -0.265897 
184 -0.086285 
185 -0.041327 
186 -0.171299 
187 -0.384578 
188 -0.070742 
189 -0.035319 
190 0.127035 
191 -0.125491 
192 0.159597 
193 -0.151593 
194 -0.114869 
195 -0.088685 
196 -0.034943 
197 0.209240 
198 -0.174688 
199 -0.129688 
