0 -0.658927 
1 -0.415287 
2 -0.817424 
3 -0.834906 
4 -0.826833 
5 -0.151997 
6 -0.887319 
7 -0.546119 
8 -0.795885 
9 -0.716952 
10 -0.364718 
11 -0.144894 
12 -0.387299 
13 -0.767227 
14 -0.655466 
15 -0.550168 
16 -0.843992 
17 -0.670210 
18 -0.476271 
19 -0.929900 
20 -0.551969 
21 -0.378679 
22 -0.701170 
23 -0.655126 
24 -0.025217 
25 -1.034490 
26 -0.588877 
27 -1.157195 
28 -0.598296 
29 -0.466244 
30 -0.441468 
31 -0.910590 
32 -0.993947 
33 -0.685849 
34 -0.696948 
35 -0.776997 
36 -0.940842 
37 -0.540222 
38 -0.697940 
39 -0.267963 
40 -1.127424 
41 -0.892307 
42 -0.576858 
43 -0.943828 
44 -0.669487 
45 -0.688292 
46 -0.134847 
47 -0.756149 
48 -0.772929 
49 -0.800608 
50 -0.634935 
51 -0.152654 
52 -0.679682 
53 -0.673237 
54 -1.105754 
55 0.040485 
56 -0.886067 
57 -0.612669 
58 -0.403983 
59 -0.491471 
60 -1.219211 
61 -0.751279 
62 -0.845016 
63 -0.270443 
64 -0.355787 
65 -0.510172 
66 -0.743295 
67 -1.245898 
68 -0.408899 
69 -0.943948 
70 -0.611233 
71 -1.064746 
72 -0.638539 
73 -0.657275 
74 -0.570874 
75 -0.329299 
76 -0.585893 
77 -0.627146 
78 -0.525218 
79 -0.705920 
80 -0.990239 
81 -1.122278 
82 -0.102613 
83 -0.583387 
84 -0.836778 
85 -1.223637 
86 -0.571431 
87 -0.628630 
88 -0.370965 
89 -0.221676 
90 0.109322 
91 -1.213903 
92 -0.692817 
93 -1.058598 
94 -0.469489 
95 -0.128291 
96 -0.664218 
97 -0.160640 
98 -1.112620 
99 -0.409995 
100 -0.785571 
101 -0.378684 
102 -0.604974 
103 -0.497669 
104 -0.439695 
105 -0.559626 
106 -0.935510 
107 -0.618397 
108 -0.890494 
109 -0.675976 
110 -1.030292 
111 -0.794657 
112 -0.417993 
113 -0.569107 
114 -0.988074 
115 -0.522191 
116 -0.070332 
117 -0.748396 
118 -0.159599 
119 -0.964490 
120 -0.579659 
121 -0.333361 
122 -1.224252 
123 -1.121866 
124 -0.838902 
125 -0.584558 
126 -1.192167 
127 -0.418063 
128 -0.429665 
129 -0.791949 
130 -0.088333 
131 -0.877503 
132 -0.731188 
133 -0.268721 
134 -0.793048 
135 -0.205496 
136 -1.051126 
137 -1.353387 
138 -0.460506 
139 -0.587035 
140 -0.781041 
141 -0.831370 
142 -1.150998 
143 -0.185132 
144 -0.704890 
145 -0.369625 
146 -0.991602 
147 -0.808101 
148 -0.444009 
149 -0.507023 
150 -0.273654 
151 -0.814945 
152 -0.889151 
153 -1.052457 
154 -1.164112 
155 -0.753316 
156 -0.862384 
157 -0.566381 
158 -0.745250 
159 -1.269754 
160 -1.072213 
161 -0.773367 
162 -0.556747 
163 -1.130070 
164 -0.798902 
165 -0.358154 
166 -1.369564 
167 -0.450916 
168 -0.244418 
169 -0.624397 
170 -0.506752 
171 -0.756047 
172 -0.718656 
173 -0.675444 
174 -0.852066 
175 -0.730683 
176 -0.433706 
177 -0.788905 
178 -0.334051 
179 -0.513683 
180 -0.993292 
181 -0.623504 
182 -0.810941 
183 -0.858915 
184 -0.647004 
185 -0.859738 
186 -1.019810 
187 -0.600535 
188 -0.274850 
189 -0.407181 
190 -0.653740 
191 -0.735999 
192 -0.440236 
193 -0.782743 
194 -0.072832 
195 -0.734159 
196 -0.862314 
197 -0.640423 
198 -0.797393 
199 -0.717585 
