0 -0.304774 
1 -0.408336 
2 -0.138312 
3 -0.252131 
4 -0.351747 
5 -0.613577 
6 -0.307584 
7 -0.153021 
8 0.212024 
9 -0.158464 
10 -0.030318 
11 0.000041 
12 -0.491954 
13 -0.194135 
14 -0.499402 
15 -0.329735 
16 -0.328592 
17 -0.048346 
18 -0.034915 
19 0.231374 
20 -0.197725 
21 0.062606 
22 -0.509421 
23 -0.024072 
24 -0.078179 
25 -0.040261 
26 -0.086543 
27 -0.175148 
28 -0.216314 
29 -0.586642 
30 -0.676621 
31 0.030566 
32 -0.432031 
33 -0.430290 
34 -0.174841 
35 -0.620577 
36 -0.121002 
37 0.042648 
38 -0.188566 
39 -0.163338 
40 -0.373740 
41 -0.197766 
42 -0.110632 
43 -0.130150 
44 -0.180642 
45 -0.481996 
46 -0.461235 
47 -0.476369 
48 -0.370906 
49 -0.042249 
50 -0.519834 
51 0.037260 
52 -0.122907 
53 -0.190612 
54 -0.385268 
55 0.108430 
56 -0.251251 
57 -0.212167 
58 -0.039861 
59 -0.268538 
60 0.153326 
61 -0.123350 
62 -0.001750 
63 -0.146294 
64 0.155145 
65 0.016716 
66 -0.452897 
67 -0.272313 
68 0.020468 
69 0.381521 
70 -0.516542 
71 -0.104747 
72 -0.574179 
73 -0.079944 
74 -0.173420 
75 -0.005790 
76 -0.180457 
77 -0.671633 
78 -0.191451 
79 -0.252341 
80 -0.128300 
81 0.207736 
82 -0.112385 
83 0.099800 
84 -0.091580 
85 -0.646548 
86 0.009876 
87 0.107368 
88 0.022942 
89 -0.229205 
90 -0.177479 
91 -0.090300 
92 -0.334128 
93 -0.260739 
94 -0.462129 
95 -0.103451 
96 -0.057612 
97 -0.078158 
98 0.119439 
99 -0.177016 
100 -0.095298 
101 0.210902 
102 -0.341309 
103 0.152149 
104 -0.181491 
105 -0.423559 
106 -0.089419 
107 -0.056769 
108 -0.079548 
109 -0.031606 
110 -0.149236 
111 -0.135155 
112 -0.018078 
113 -0.144035 
114 -0.358276 
115 -0.689137 
116 0.294370 
117 -0.125660 
118 0.003851 
119 -0.039392 
120 -0.006323 
121 0.159845 
122 -0.123686 
123 -0.107448 
124 -0.182460 
125 -0.140528 
126 -0.046567 
127 0.045231 
128 -0.220256 
129 -0.007731 
130 -0.121814 
131 -0.270654 
132 -0.492173 
133 0.078977 
134 0.397955 
135 -0.164005 
136 -0.116212 
137 -0.830303 
138 -0.238815 
139 -0.157550 
140 -0.625467 
141 -0.011600 
142 -0.332861 
143 -0.004568 
144 -0.349249 
145 -0.314335 
146 -0.284612 
147 -0.316432 
148 -0.053837 
149 0.061261 
150 -0.430605 
151 -0.218261 
152 -0.053691 
153 -0.342269 
154 -0.248861 
155 0.090389 
156 -0.469486 
157 -0.167890 
158 0.031049 
159 -0.049186 
160 -0.572374 
161 0.374906 
162 -0.204456 
163 0.166158 
164 0.158124 
165 -0.157969 
166 -0.457048 
167 0.016629 
168 -0.226110 
169 0.015695 
170 -0.069031 
171 0.040468 
172 0.129803 
173 -0.169909 
174 -0.082283 
175 0.203352 
176 -0.080951 
177 -0.468732 
178 -0.268613 
179 0.337773 
180 0.148633 
181 -0.226933 
182 -0.277098 
183 -0.004096 
184 -0.054813 
185 -0.066187 
186 0.000848 
187 -0.509256 
188 -0.141839 
189 -0.026850 
190 0.148698 
191 -0.151879 
192 -0.404055 
193 0.163054 
194 0.218168 
195 -0.150023 
196 0.151543 
197 -0.319029 
198 0.070543 
199 -0.411000 
