0 -0.279746 
1 -0.334338 
2 -0.746050 
3 -0.854060 
4 -0.354098 
5 -0.431724 
6 -0.501704 
7 -0.378315 
8 -0.265231 
9 -0.379989 
10 -0.426282 
11 -0.394289 
12 0.039727 
13 -0.515791 
14 -0.380302 
15 -0.207937 
16 -0.432620 
17 -0.277823 
18 -0.648902 
19 -0.631794 
20 -0.573049 
21 -0.470131 
22 -0.048090 
23 -0.080348 
24 -0.078251 
25 -0.671404 
26 -0.688625 
27 -0.348084 
28 -0.908123 
29 -0.232998 
30 -0.069753 
31 -0.531561 
32 -0.036122 
33 -0.203998 
34 -0.885813 
35 -0.197158 
36 -0.300014 
37 -0.539868 
38 -0.437363 
39 -0.121235 
40 -0.355329 
41 -0.500396 
42 -0.285464 
43 -0.291845 
44 -0.211494 
45 -0.486723 
46 0.012810 
47 -0.326658 
48 -0.344589 
49 -0.623343 
50 -0.521914 
51 -0.488089 
52 -0.356036 
53 -0.797383 
54 -0.502564 
55 -0.617393 
56 -0.348901 
57 -0.201041 
58 -0.190637 
59 -0.771501 
60 -0.557383 
61 -0.249827 
62 -0.620952 
63 -0.205099 
64 -0.429897 
65 -0.251172 
66 -0.118899 
67 -0.528160 
68 -0.544888 
69 -0.032701 
70 -0.288682 
71 -0.322754 
72 -0.075056 
73 -0.266011 
74 -0.453874 
75 -0.354422 
76 -0.518609 
77 -0.678665 
78 -0.076044 
79 -0.241212 
80 -0.338194 
81 -0.468208 
82 -0.271237 
83 -0.317485 
84 -0.500454 
85 -0.338757 
86 -0.207131 
87 -0.438539 
88 -0.222260 
89 -0.167287 
90 -0.229256 
91 -0.161969 
92 -0.088110 
93 -0.245833 
94 -0.058052 
95 -0.541339 
96 -0.020091 
97 -0.235546 
98 -0.418669 
99 -0.389588 
100 -0.137771 
101 -0.445042 
102 -0.622937 
103 -0.303238 
104 -0.341514 
105 -0.341484 
106 -0.422094 
107 -0.450189 
108 -0.280830 
109 -0.386824 
110 -0.231406 
111 -0.190068 
112 -0.525396 
113 -0.479469 
114 -0.468753 
115 -0.294474 
116 -0.751429 
117 -0.220883 
118 -0.019675 
119 -0.502901 
120 -0.330095 
121 -0.510387 
122 -0.569399 
123 -0.649223 
124 -0.335600 
125 -0.832774 
126 -0.154669 
127 -0.418403 
128 -0.296658 
129 -0.144119 
130 -0.176535 
131 -0.406154 
132 -0.579020 
133 -0.033559 
134 -0.347587 
135 -0.553704 
136 0.006073 
137 -0.801184 
138 -0.319289 
139 -0.057817 
140 -0.155986 
141 -0.372478 
142 -0.455391 
143 -0.804682 
144 -0.668953 
145 -0.363089 
146 0.053235 
147 -0.864721 
148 -0.247601 
149 -0.789135 
150 -0.171331 
151 -0.299235 
152 0.031787 
153 -0.135968 
154 -0.312505 
155 -0.559243 
156 -0.510121 
157 -0.545293 
158 -0.713973 
159 -0.373501 
160 -0.369487 
161 -0.077322 
162 -0.200312 
163 -0.309041 
164 -0.462617 
165 -0.346884 
166 -0.126713 
167 -0.181542 
168 -0.591473 
169 -0.651289 
170 -0.265750 
171 -0.385110 
172 -0.242466 
173 -0.423924 
174 -0.484915 
175 -0.305349 
176 -0.111210 
177 0.102546 
178 -0.031808 
179 -0.054495 
180 0.180655 
181 0.002030 
182 -0.435127 
183 -0.661297 
184 -0.449357 
185 -0.376836 
186 -0.455414 
187 -0.320536 
188 -0.109594 
189 -0.403961 
190 -0.345807 
191 -0.505245 
192 -0.656886 
193 -0.348010 
194 -0.671174 
195 -0.296565 
196 0.028534 
197 -0.351297 
198 -0.190442 
199 -0.683509 
