0 -0.768669 
1 -0.470906 
2 -1.164885 
3 -1.042801 
4 -0.649084 
5 -0.814543 
6 -0.794521 
7 -1.065939 
8 -1.287765 
9 -0.861307 
10 -1.253087 
11 -1.259967 
12 -0.716513 
13 -0.654615 
14 -1.043430 
15 -1.386335 
16 -0.917697 
17 -1.292522 
18 -0.644396 
19 -0.389837 
20 -0.808609 
21 -0.727225 
22 -0.575642 
23 -0.813897 
24 -1.085487 
25 -1.256425 
26 -1.044309 
27 -0.541424 
28 -0.938886 
29 -0.415332 
30 -0.595551 
31 -1.195615 
32 -0.849724 
33 -0.781303 
34 -0.980110 
35 -1.176956 
36 -0.536994 
37 -0.530760 
38 -0.405642 
39 -1.217970 
40 -0.981800 
41 -0.489781 
42 -0.667186 
43 -0.738871 
44 -0.149353 
45 -0.669775 
46 -0.423670 
47 -1.019476 
48 -0.625784 
49 -1.006074 
50 -0.541600 
51 -0.701481 
52 -0.897682 
53 -0.313361 
54 -0.940151 
55 -1.136686 
56 -0.794539 
57 -0.826532 
58 -0.555690 
59 -0.755199 
60 -0.384489 
61 -0.643072 
62 -0.747132 
63 -0.730290 
64 -0.646244 
65 -1.272685 
66 -0.701444 
67 -0.512641 
68 -0.311866 
69 -0.484451 
70 -0.949819 
71 -0.959079 
72 -1.435173 
73 -1.016266 
74 -1.121504 
75 -0.880945 
76 -0.238770 
77 -0.543223 
78 -0.525424 
79 -0.837743 
80 -0.279594 
81 -1.114166 
82 -0.914376 
83 -0.652750 
84 -0.179317 
85 -1.162188 
86 -0.836121 
87 -0.928913 
88 -0.752615 
89 -0.759900 
90 -1.034391 
91 -0.502661 
92 -0.521544 
93 -0.764091 
94 -0.735697 
95 -0.519883 
96 -1.248188 
97 -0.492298 
98 -1.797121 
99 -0.727105 
100 -0.992255 
101 -0.903083 
102 -0.551512 
103 -0.777654 
104 -0.965345 
105 -1.083245 
106 -0.968159 
107 -0.521241 
108 -0.864870 
109 -1.206324 
110 -0.288209 
111 -0.503114 
112 -0.372176 
113 -1.586179 
114 -0.768620 
115 -0.988894 
116 -1.197727 
117 -0.442080 
118 -0.569377 
119 -0.820699 
120 -1.012721 
121 -0.835469 
122 -1.238583 
123 -1.179825 
124 -1.086837 
125 -0.721687 
126 -0.916710 
127 -0.842792 
128 -0.762039 
129 -0.893042 
130 -1.027341 
131 -0.797738 
132 -0.494567 
133 -0.353556 
134 -0.905460 
135 -0.381616 
136 -1.288537 
137 -0.613935 
138 -0.674569 
139 -0.625984 
140 -0.928201 
141 -0.955474 
142 -1.053177 
143 -1.293017 
144 -0.673970 
145 -1.078833 
146 -1.132090 
147 -1.126621 
148 -0.373026 
149 -0.798730 
150 -0.530525 
151 -0.742148 
152 -0.739244 
153 -0.602251 
154 -0.598451 
155 -0.777058 
156 -0.849935 
157 -0.704150 
158 -0.565076 
159 -0.283290 
160 -0.869542 
161 -0.837768 
162 -0.920593 
163 -0.868110 
164 -0.596426 
165 -0.806312 
166 -0.629146 
167 -0.981917 
168 -0.517909 
169 -0.490912 
170 -0.521725 
171 -0.876534 
172 -0.806311 
173 -0.331802 
174 -1.074740 
175 -1.243429 
176 -0.362167 
177 -0.944582 
178 -1.193647 
179 -1.031293 
180 -0.705356 
181 -1.009859 
182 -0.927294 
183 -0.778273 
184 -1.190179 
185 -0.767953 
186 -1.075332 
187 -0.852234 
188 -0.164969 
189 -0.897302 
190 -0.890887 
191 -1.273977 
192 -0.678910 
193 -1.031925 
194 -0.657854 
195 -0.759726 
196 -1.269459 
197 -0.749696 
198 -0.777654 
199 -0.782508 
