0 -0.768180 
1 -0.716923 
2 -0.760796 
3 -0.700447 
4 -0.538385 
5 -0.660734 
6 -1.108169 
7 -0.819682 
8 -0.404033 
9 -0.876089 
10 -0.865185 
11 -0.334887 
12 -0.312329 
13 -0.153580 
14 -0.560569 
15 -0.266601 
16 -0.953640 
17 -0.957839 
18 -0.353317 
19 -0.011725 
20 -0.128494 
21 -1.010612 
22 -0.537354 
23 -0.614816 
24 -0.460554 
25 -1.044405 
26 -1.068054 
27 -0.464491 
28 -0.872191 
29 -0.587350 
30 -0.541612 
31 -0.521632 
32 -0.598892 
33 -0.466637 
34 -0.767176 
35 -0.222909 
36 -0.644708 
37 -0.988767 
38 -0.709228 
39 -0.827618 
40 -0.568087 
41 -1.038513 
42 -0.807265 
43 -0.284026 
44 -0.495413 
45 -0.504639 
46 -0.383104 
47 -0.404661 
48 -0.412558 
49 -1.128123 
50 -0.646281 
51 -0.728289 
52 -0.781961 
53 -1.074157 
54 -0.622410 
55 -0.380042 
56 -1.148162 
57 -0.479812 
58 -0.838884 
59 -0.625766 
60 -0.478708 
61 -0.545580 
62 -0.835173 
63 -0.786705 
64 -0.383359 
65 -1.274490 
66 -0.366499 
67 -0.873590 
68 -0.539635 
69 -0.904291 
70 -0.809978 
71 -0.725237 
72 -0.704908 
73 -0.440758 
74 -0.094969 
75 -0.720984 
76 -0.668249 
77 -1.099542 
78 -0.619708 
79 -0.405231 
80 -0.381871 
81 -0.732914 
82 -0.378682 
83 -0.892632 
84 -0.305417 
85 -0.388743 
86 -1.052847 
87 -0.977435 
88 -0.420988 
89 -0.730298 
90 -0.317862 
91 -0.160768 
92 -0.576274 
93 -0.077838 
94 -0.852500 
95 -0.319780 
96 -0.354028 
97 -0.714975 
98 -0.616351 
99 -0.353156 
100 -0.487146 
101 -0.630124 
102 -0.696993 
103 -0.678646 
104 -1.195360 
105 -0.465859 
106 -0.627723 
107 -0.767842 
108 -0.530758 
109 -0.527362 
110 -0.556452 
111 -0.434591 
112 -0.734977 
113 -0.292719 
114 -0.463067 
115 -0.889144 
116 -0.454057 
117 -0.382969 
118 -0.489004 
119 -0.485878 
120 -0.631830 
121 0.038494 
122 -0.485128 
123 -0.300531 
124 -0.669233 
125 -0.891334 
126 -0.349994 
127 -0.772850 
128 -0.593663 
129 -0.625594 
130 -0.145375 
131 -0.897511 
132 -0.572255 
133 -1.247323 
134 -0.642385 
135 -0.926155 
136 -1.144048 
137 -0.663329 
138 -0.648960 
139 -0.660457 
140 -0.361043 
141 -0.794926 
142 -0.753581 
143 -0.928036 
144 -0.549300 
145 -0.525608 
146 -0.619676 
147 -0.679088 
148 -0.746365 
149 -0.647523 
150 -0.944347 
151 -0.808360 
152 -1.189043 
153 -0.462544 
154 -0.167626 
155 -0.253354 
156 -0.900737 
157 -0.458082 
158 -1.100061 
159 -0.638038 
160 -0.852621 
161 -0.580652 
162 -0.913557 
163 -0.016600 
164 -0.776298 
165 -0.602176 
166 -0.289823 
167 -0.748334 
168 -0.724219 
169 -0.706347 
170 -0.393743 
171 -0.314486 
172 -0.462803 
173 -0.322952 
174 -0.170260 
175 -0.597041 
176 -0.763583 
177 -0.750398 
178 -0.212579 
179 -0.466757 
180 -0.875900 
181 -0.588403 
182 -0.711956 
183 -0.296747 
184 -0.598004 
185 -0.336161 
186 -0.585225 
187 -0.732326 
188 -1.076369 
189 -0.540942 
190 -1.050502 
191 -0.239171 
192 -0.139697 
193 -0.328183 
194 -0.970947 
195 -0.322689 
196 -0.065407 
197 -0.495279 
198 -0.570821 
199 -0.419763 
