0 -1.045463 
1 -0.404906 
2 -0.311401 
3 -0.378138 
4 -1.004310 
5 -1.120284 
6 -0.330261 
7 -0.527441 
8 -0.958940 
9 -0.429145 
10 -1.344404 
11 -1.163316 
12 -0.641731 
13 -0.338335 
14 -1.012304 
15 -0.217482 
16 -1.204559 
17 -0.280772 
18 -0.602746 
19 -0.711677 
20 -0.986467 
21 -0.681874 
22 -1.229546 
23 -0.979488 
24 -0.668784 
25 -0.517186 
26 -0.724624 
27 -0.757517 
28 -0.789356 
29 -0.639721 
30 -0.370461 
31 -1.040277 
32 -0.788886 
33 -0.574813 
34 -1.070706 
35 -1.063034 
36 -0.742839 
37 -0.976364 
38 -0.862152 
39 -0.415932 
40 -0.990767 
41 -0.914748 
42 -0.936325 
43 -1.057307 
44 -0.598419 
45 -0.780212 
46 -0.716582 
47 -0.893066 
48 -0.605243 
49 -0.358683 
50 -1.010009 
51 -0.777700 
52 -1.131289 
53 -0.984131 
54 -0.634244 
55 -0.256955 
56 -0.932258 
57 -0.685071 
58 -0.364013 
59 -0.931453 
60 -1.046632 
61 -0.830100 
62 -0.726903 
63 -0.385280 
64 -0.914343 
65 -0.570576 
66 -0.959499 
67 -0.809167 
68 -0.869850 
69 -0.752106 
70 -0.494832 
71 -0.372274 
72 -0.510530 
73 -0.829080 
74 -0.714571 
75 -1.012131 
76 -1.099864 
77 -0.697267 
78 -0.645754 
79 -0.502329 
80 -0.733987 
81 -0.645676 
82 -0.982535 
83 -0.660330 
84 -0.560207 
85 -0.624646 
86 -0.298761 
87 -0.437440 
88 -0.895622 
89 -0.602021 
90 -1.177906 
91 -0.297101 
92 -0.895926 
93 -1.260611 
94 -0.840339 
95 -1.146259 
96 -0.543042 
97 -0.662485 
98 -0.525572 
99 -0.998129 
100 -1.320572 
101 -0.568511 
102 -0.088246 
103 -0.697426 
104 -0.667667 
105 -0.808790 
106 -1.153524 
107 -0.782955 
108 -0.592346 
109 -0.479024 
110 -0.461514 
111 -0.350439 
112 -0.298869 
113 -0.266651 
114 -0.534474 
115 -0.516317 
116 -0.620028 
117 -0.975636 
118 -0.908255 
119 -0.814178 
120 -1.009783 
121 -1.037322 
122 -1.009498 
123 -0.250179 
124 -0.779816 
125 -0.624683 
126 -0.550909 
127 -0.625224 
128 -0.665432 
129 -0.740451 
130 -1.243461 
131 -0.678274 
132 -0.626982 
133 -0.682406 
134 -0.609089 
135 -0.669832 
136 -0.912039 
137 -0.526883 
138 -1.025758 
139 -1.091555 
140 -0.962136 
141 -0.882199 
142 -0.437741 
143 -0.353305 
144 -0.948561 
145 -1.001451 
146 -0.819060 
147 -0.611529 
148 -0.970112 
149 -0.444306 
150 -0.862730 
151 -0.273494 
152 -0.700089 
153 -0.856257 
154 -0.282953 
155 -0.993835 
156 -0.472268 
157 -0.766467 
158 -1.296520 
159 -0.472852 
160 -0.308854 
161 -0.491902 
162 -0.795163 
163 -0.739730 
164 -0.975427 
165 -0.400732 
166 -0.918932 
167 -0.175329 
168 -1.031834 
169 -0.851362 
170 -1.220894 
171 -0.454964 
172 -0.501113 
173 -0.859341 
174 -1.393317 
175 -0.923132 
176 -0.569318 
177 -0.771193 
178 -0.786446 
179 -0.208583 
180 -1.331623 
181 -0.832821 
182 -0.774198 
183 -1.162344 
184 -0.325137 
185 -1.314926 
186 -0.551453 
187 -1.051808 
188 -0.549209 
189 -0.913574 
190 -0.421164 
191 -0.417963 
192 -0.365026 
193 -0.300953 
194 -0.897773 
195 -0.290566 
196 -0.658619 
197 -1.068114 
198 -1.066281 
199 -1.142203 
