0 0.143952 
1 -0.034411 
2 -0.205097 
3 -0.142382 
4 -0.064976 
5 -0.180189 
6 0.070702 
7 0.036898 
8 0.277516 
9 0.009204 
10 0.086604 
11 -0.026854 
12 0.162156 
13 -0.140333 
14 0.346854 
15 0.225679 
16 -0.191663 
17 -0.155373 
18 -0.019745 
19 -0.049747 
20 0.381229 
21 0.009594 
22 -0.172025 
23 -0.066670 
24 0.042813 
25 0.130674 
26 -0.082346 
27 -0.157447 
28 0.238854 
29 -0.099927 
30 0.058148 
31 0.204504 
32 0.016337 
33 -0.041262 
34 0.233733 
35 -0.395339 
36 0.132942 
37 -0.079683 
38 0.253850 
39 0.013663 
40 -0.045394 
41 -0.083469 
42 0.195625 
43 0.068572 
44 0.176866 
45 -0.079667 
46 -0.155499 
47 0.171712 
48 0.111427 
49 0.243316 
50 0.197643 
51 -0.018160 
52 -0.109111 
53 0.297382 
54 -0.260094 
55 -0.355136 
56 0.005557 
57 0.150197 
58 0.083994 
59 0.004657 
60 0.148106 
61 0.028136 
62 -0.203729 
63 -0.132019 
64 0.054346 
65 0.046125 
66 0.052659 
67 -0.078335 
68 0.015780 
69 0.021455 
70 -0.209305 
71 0.090469 
72 -0.222390 
73 0.208270 
74 0.427051 
75 -0.019092 
76 0.146418 
77 -0.075158 
78 0.045429 
79 -0.156325 
80 0.226533 
81 0.004492 
82 -0.039103 
83 -0.121120 
84 0.085605 
85 0.009611 
86 0.216005 
87 -0.031600 
88 -0.137312 
89 0.040165 
90 -0.129550 
91 -0.103741 
92 -0.308965 
93 -0.081230 
94 -0.370967 
95 -0.001535 
96 0.208448 
97 -0.025136 
98 0.113529 
99 0.123368 
100 0.036062 
101 -0.228107 
102 -0.030396 
103 -0.247197 
104 0.221848 
105 0.316210 
106 -0.198479 
107 0.143379 
108 0.352528 
109 0.003712 
110 -0.214124 
111 -0.158408 
112 -0.229281 
113 0.200753 
114 0.137844 
115 0.129079 
116 0.249763 
117 0.181045 
118 -0.126459 
119 0.230657 
120 0.008522 
121 -0.025746 
122 -0.347104 
123 -0.222326 
124 -0.160838 
125 0.003390 
126 0.308623 
127 -0.307186 
128 -0.037308 
129 0.003521 
130 -0.176434 
131 -0.346032 
132 -0.235069 
133 -0.267948 
134 -0.138127 
135 0.116129 
136 0.105942 
137 0.011747 
138 0.067215 
139 -0.106183 
140 0.017301 
141 0.277003 
142 -0.177781 
143 0.226920 
144 -0.167717 
145 0.122775 
146 -0.307228 
147 0.046167 
148 -0.275032 
149 -0.147072 
150 0.259697 
151 0.183733 
152 0.189867 
153 0.316348 
154 0.010432 
155 -0.167123 
156 0.109960 
157 -0.104398 
158 0.311520 
159 0.293752 
160 -0.148423 
161 0.242586 
162 -0.303736 
163 -0.348376 
164 0.235403 
165 0.085945 
166 -0.015888 
167 0.188895 
168 -0.222858 
169 0.287208 
170 0.167789 
171 -0.091733 
172 -0.031578 
173 0.018138 
174 0.130579 
175 -0.194688 
176 -0.104145 
177 0.091837 
178 -0.053604 
179 0.097336 
180 0.088260 
181 -0.247966 
182 0.020786 
183 -0.228243 
184 0.045584 
185 -0.427879 
186 -0.048398 
187 0.072922 
188 0.146395 
189 0.117556 
190 -0.098948 
191 -0.010725 
192 -0.114598 
193 -0.092928 
194 0.089592 
195 -0.267552 
196 -0.022918 
197 -0.079833 
198 -0.138102 
199 -0.062756 
