0.500000 -0.658631 
0.550000 -0.675857 
0.600000 -0.665027 
0.650000 -0.654726 
0.700000 -0.686835 
0.750000 -0.704333 
0.800000 -0.668314 
0.850000 -0.643078 
0.900000 -0.643091 
0.950000 -0.642868 
1.000000 -0.650412 
1.050000 -0.633316 
1.100000 -0.605484 
1.150000 -0.604891 
1.200000 -0.613320 
1.250000 -0.574651 
1.300000 -0.571649 
1.350000 -0.562996 
1.400000 -0.580945 
1.450000 -0.562913 
1.500000 -0.533825 
1.550000 -0.573282 
1.600000 -0.566706 
1.660000 -0.543423 
1.700000 -0.566669 
1.750000 -0.551874 
1.800000 -0.544521 
1.850000 -0.478240 
1.900000 -0.500913 
1.950000 -0.470548 
2.000000 -0.428706 
2.050000 -0.400496 
2.100000 -0.430616 
2.250000 -0.334240 
2.200000 -0.365773 
2.250000 -0.334240 