0 -0.291543 
1 -0.173401 
2 -0.261466 
3 0.080656 
4 0.134325 
5 -0.106423 
6 -0.721680 
7 0.066560 
8 0.037547 
9 -0.116927 
10 -0.319483 
11 0.087841 
12 -0.018544 
13 0.101418 
14 0.351551 
15 -0.102237 
16 0.030369 
17 0.017628 
18 0.325374 
19 0.229261 
20 0.185904 
21 -0.136174 
22 0.144817 
23 0.187519 
24 -0.234415 
25 0.150423 
26 -0.396441 
27 0.288451 
28 -0.286389 
29 0.074842 
30 0.013625 
31 -0.075842 
32 -0.224258 
33 0.113018 
34 0.290168 
35 -0.289744 
36 -0.130781 
37 -0.128585 
38 0.065963 
39 0.101251 
40 -0.058006 
41 0.082490 
42 0.272022 
43 -0.322379 
44 0.135229 
45 -0.180704 
46 -0.293446 
47 0.051513 
48 -0.031624 
49 0.038258 
50 -0.128943 
51 -0.087195 
52 0.307972 
53 0.125204 
54 0.151198 
55 0.042900 
56 0.054814 
57 -0.333191 
58 0.067179 
59 -0.090603 
60 0.167094 
61 0.161365 
62 0.097953 
63 0.043617 
64 -0.213424 
65 -0.458396 
66 -0.004203 
67 0.046611 
68 0.026669 
69 0.149614 
70 0.135080 
71 -0.256404 
72 0.316660 
73 0.233310 
74 -0.066136 
75 -0.002578 
76 -0.291829 
77 0.043325 
78 0.169368 
79 -0.155774 
80 -0.131765 
81 -0.105882 
82 0.289955 
83 -0.059364 
84 0.004555 
85 0.089709 
86 0.278760 
87 0.222535 
88 -0.041050 
89 0.044239 
90 -0.216478 
91 0.178970 
92 -0.209044 
93 0.165698 
94 -0.351355 
95 -0.038872 
96 -0.085484 
97 -0.184645 
98 0.296383 
99 0.252116 
100 0.142076 
101 0.036284 
102 -0.084902 
103 0.110673 
104 -0.071597 
105 0.243824 
106 -0.254622 
107 0.064215 
108 0.072032 
109 0.302072 
110 0.081630 
111 -0.150135 
112 0.130394 
113 -0.009211 
114 0.068284 
115 -0.225526 
116 -0.036152 
117 0.017024 
118 0.106202 
119 0.100589 
120 0.186650 
121 -0.066219 
122 0.142638 
123 -0.330709 
124 0.145920 
125 -0.097681 
126 -0.310183 
127 0.307961 
128 0.097102 
129 -0.021367 
130 -0.217181 
131 0.255024 
132 0.318207 
133 0.089103 
134 -0.045320 
135 -0.097772 
136 -0.464228 
137 -0.127195 
138 0.362325 
139 0.401243 
140 -0.227094 
141 -0.113702 
142 0.080136 
143 0.046195 
144 0.165153 
145 0.122412 
146 -0.040024 
147 0.111224 
148 -0.093265 
149 -0.092138 
150 -0.156919 
151 -0.031204 
152 -0.252919 
153 -0.033887 
154 -0.138381 
155 -0.138083 
156 0.068123 
157 0.074434 
158 -0.008019 
159 0.142842 
160 0.081258 
161 0.242913 
162 0.178769 
163 -0.004119 
164 0.315249 
165 0.121345 
166 -0.235081 
167 -0.273512 
168 -0.081782 
169 0.152874 
170 -0.035959 
171 0.109977 
172 0.075712 
173 -0.403024 
174 -0.033925 
175 0.047437 
176 0.045597 
177 -0.161247 
178 -0.174510 
179 0.122744 
180 0.069858 
181 -0.207682 
182 0.073110 
183 -0.439234 
184 -0.176542 
185 0.076696 
186 -0.036613 
187 -0.165185 
188 -0.103166 
189 -0.180125 
190 0.066339 
191 0.355502 
192 0.404932 
193 0.213205 
194 -0.056794 
195 0.297474 
196 0.267766 
197 0.085458 
198 -0.165674 
199 -0.224591 
