0 -0.109727 
1 0.012562 
2 0.004866 
3 0.039653 
4 -0.021595 
5 0.036253 
6 -0.496325 
7 -0.070306 
8 0.113283 
9 -0.160528 
10 0.314321 
11 -0.271157 
12 -0.070380 
13 -0.327742 
14 -0.121034 
15 0.143084 
16 0.212390 
17 -0.133638 
18 -0.239008 
19 -0.006018 
20 -0.455075 
21 0.336880 
22 0.303897 
23 0.332334 
24 -0.252462 
25 0.037504 
26 -0.124436 
27 -0.178250 
28 0.121512 
29 0.315559 
30 -0.025925 
31 0.022756 
32 0.309462 
33 0.090730 
34 0.016450 
35 -0.015907 
36 0.215854 
37 0.051477 
38 0.104328 
39 0.036008 
40 0.182887 
41 -0.179545 
42 -0.283486 
43 -0.099759 
44 0.121127 
45 0.192798 
46 0.196445 
47 0.135724 
48 -0.037306 
49 -0.139140 
50 -0.054068 
51 0.132297 
52 0.188530 
53 -0.237441 
54 0.169482 
55 -0.179975 
56 -0.363507 
57 0.215581 
58 -0.029875 
59 -0.332185 
60 -0.082652 
61 -0.220041 
62 -0.410661 
63 0.174488 
64 -0.246129 
65 -0.031006 
66 0.008298 
67 -0.073761 
68 -0.193688 
69 -0.004551 
70 0.193301 
71 0.342909 
72 -0.113655 
73 0.119651 
74 0.141079 
75 -0.078954 
76 0.052407 
77 0.262715 
78 -0.062664 
79 0.176826 
80 -0.020878 
81 0.223696 
82 -0.022915 
83 -0.289580 
84 -0.094948 
85 -0.059585 
86 -0.032011 
87 -0.244440 
88 -0.326210 
89 0.107803 
90 0.260174 
91 0.105210 
92 0.063233 
93 0.103657 
94 -0.023870 
95 -0.172124 
96 -0.250142 
97 0.157263 
98 -0.108837 
99 0.288282 
100 0.249575 
101 0.207921 
102 0.236359 
103 0.058145 
104 -0.055633 
105 -0.268007 
106 0.005146 
107 -0.125838 
108 0.168973 
109 0.216152 
110 -0.194219 
111 0.206302 
112 0.246800 
113 0.097287 
114 -0.001661 
115 0.017688 
116 -0.239249 
117 0.119465 
118 -0.087046 
119 0.059554 
120 -0.371716 
121 -0.029203 
122 -0.210998 
123 0.019949 
124 0.189770 
125 0.062737 
126 -0.127357 
127 0.175749 
128 -0.053726 
129 0.291737 
130 0.064912 
131 0.040850 
132 -0.066310 
133 0.258897 
134 0.102603 
135 -0.248575 
136 -0.126480 
137 -0.014066 
138 -0.037352 
139 0.072615 
140 0.116493 
141 0.115862 
142 0.028771 
143 -0.111364 
144 0.023585 
145 -0.210930 
146 0.214600 
147 -0.008555 
148 0.121460 
149 -0.235147 
150 -0.298677 
151 0.133594 
152 0.423051 
153 0.162330 
154 0.123285 
155 0.251291 
156 0.028627 
157 0.305962 
158 0.184785 
159 0.118910 
160 0.112996 
161 0.205576 
162 0.169546 
163 -0.119175 
164 -0.022293 
165 -0.296944 
166 0.342320 
167 0.327359 
168 0.096341 
169 -0.088571 
170 -0.056866 
171 0.067887 
172 0.326796 
173 -0.203681 
174 0.102234 
175 0.327151 
176 -0.328698 
177 -0.084567 
178 0.188511 
179 0.067734 
180 0.197515 
181 -0.120041 
182 0.151724 
183 0.033802 
184 0.066678 
185 0.202699 
186 -0.256878 
187 0.064287 
188 -0.048477 
189 -0.448295 
190 0.045434 
191 -0.181957 
192 0.134042 
193 -0.050764 
194 -0.089112 
195 0.042944 
196 -0.009594 
197 0.121528 
198 -0.006103 
199 0.192421 
