0.500000 -0.811023 
0.600000 -0.765539 
0.700000 -0.643172 
0.800000 -0.303575 
0.900000 -0.077973 
1.000000 0.013487 
1.100000 -0.001723 
1.200000 0.012021 
1.300000 -0.017825 
1.400000 0.000511 
1.500000 0.005829 
1.600000 0.008203 
1.700000 -0.004300 
1.800000 -0.003048 
1.900000 -0.021772 
2.000000 -0.008241 
2.100000 -0.028167 
2.200000 -0.013268 
2.300000 0.000227 
2.400000 0.008268 
2.500000 -0.003152 
2.600000 -0.018689 
2.700000 0.006192 
2.800000 0.005114 
2.900000 -0.019175 
3.000000 0.020016 