0 -1.157293 
1 -0.577898 
2 -1.019121 
3 -0.674120 
4 -0.913088 
5 -0.510285 
6 -0.603280 
7 -0.947606 
8 -0.919754 
9 -1.037454 
10 -0.824791 
11 -0.573176 
12 -0.756632 
13 -1.117267 
14 -0.824963 
15 -1.366134 
16 -0.427143 
17 -0.870741 
18 -0.160242 
19 -0.504178 
20 -0.924489 
21 -0.017519 
22 -1.017683 
23 -0.524252 
24 -0.388502 
25 -1.302164 
26 -1.200462 
27 -0.816562 
28 -0.462814 
29 -0.321401 
30 -1.065440 
31 -0.876106 
32 -0.508698 
33 -0.501337 
34 -0.401118 
35 -0.170741 
36 -0.826514 
37 -0.940364 
38 -0.643957 
39 -0.605936 
40 -1.047158 
41 -0.465896 
42 -0.394475 
43 -1.134995 
44 -0.365868 
45 -0.871355 
46 -0.625598 
47 -0.422752 
48 -0.444449 
49 -0.771266 
50 -0.665019 
51 -0.368583 
52 -1.148260 
53 -0.983636 
54 -0.494595 
55 -0.569871 
56 -1.063534 
57 -0.411326 
58 -0.625382 
59 -0.484179 
60 -0.806701 
61 -1.422903 
62 -0.753444 
63 -0.903624 
64 -0.942697 
65 -0.743442 
66 -1.287351 
67 -0.642616 
68 -1.293669 
69 -0.838466 
70 -0.657748 
71 -0.605956 
72 -0.399115 
73 -0.853593 
74 -0.454883 
75 -0.438692 
76 -1.127476 
77 -0.759946 
78 -0.568406 
79 -0.442807 
80 -1.009217 
81 -1.027583 
82 -0.813718 
83 -0.017344 
84 -1.085363 
85 -0.740431 
86 -1.311259 
87 -0.613295 
88 -0.721640 
89 -0.775260 
90 -0.442313 
91 -0.895150 
92 -0.678238 
93 -0.371411 
94 -0.626920 
95 -0.354292 
96 -0.222938 
97 -0.553658 
98 -0.236110 
99 -0.708869 
100 -1.325350 
101 -0.667442 
102 -0.408542 
103 -0.930709 
104 -0.856240 
105 -0.463286 
106 -0.996103 
107 -0.680487 
108 -1.566242 
109 -0.584604 
110 -0.631741 
111 -1.348164 
112 -0.304350 
113 -0.735574 
114 -0.574445 
115 -0.525969 
116 -0.294311 
117 -0.894015 
118 -1.103467 
119 -0.171100 
120 -0.603076 
121 -0.810616 
122 -0.638933 
123 -0.646229 
124 -0.226602 
125 -0.293614 
126 -0.249637 
127 -0.953805 
128 -1.357034 
129 -0.622941 
130 -0.476249 
131 -0.856875 
132 -0.786249 
133 -0.588509 
134 -0.670297 
135 -0.096226 
136 -0.544546 
137 -0.972364 
138 -0.668614 
139 -0.111575 
140 -0.982983 
141 -0.867968 
142 -0.505563 
143 -0.194994 
144 -1.173800 
145 -0.491850 
146 -0.609945 
147 -0.505323 
148 -0.754427 
149 -0.233264 
150 -0.441852 
151 -0.324314 
152 -0.922703 
153 -0.296797 
154 -0.509539 
155 -1.307965 
156 -0.566197 
157 -0.829660 
158 -0.823085 
159 -0.797064 
160 -0.181335 
161 -1.251511 
162 -1.154292 
163 -1.197545 
164 -0.619087 
165 -0.810368 
166 -1.128639 
167 -0.883129 
168 -1.443534 
169 -0.737806 
170 -0.756875 
171 -0.708158 
172 -0.801372 
173 -0.368755 
174 -0.851255 
175 -0.879355 
176 -0.332487 
177 -0.861968 
178 -0.689333 
179 -0.472424 
180 -0.330564 
181 -0.699848 
182 -0.686115 
183 -0.990494 
184 -0.633184 
185 -0.937528 
186 -0.630500 
187 -0.832610 
188 -0.806459 
189 -0.694243 
190 -0.676220 
191 -0.890081 
192 -0.732230 
193 -0.931918 
194 -1.169486 
195 -0.420578 
196 -0.771694 
197 -1.091292 
198 -0.477301 
199 -0.551775 
