0.100000 -0.664191
0.200000 -0.629088
0.300000 -0.671731
0.400000 -0.676248
0.500000 -0.647179
0.600000 -0.678452
0.700000 -0.713576
0.800000 -0.667736
0.900000 -0.689377
1.000000 -0.615875
1.100000 -0.610965
1.200000 -0.578253
1.300000 -0.556892
1.400000 -0.545124
1.500000 -0.496357
1.600000 -0.476175
1.700000 -0.447356
1.800000 -0.394889
1.900000 -0.338376
2.000000 -0.253537
2.100000 -0.231059
2.200000 -0.180228
2.300000 -0.115000
2.400000 -0.089750
2.500000 -0.068150
2.600000 -0.042045
2.700000 -0.028160
2.800000 -0.029640
2.900000 -0.006425
3.000000 0.000258
