0 -0.143130 
1 -0.190559 
2 -0.121175 
3 -0.225355 
4 -0.091457 
5 0.078060 
6 -0.674816 
7 -0.728934 
8 -0.205650 
9 -0.503887 
10 -0.176253 
11 -0.357107 
12 -0.475694 
13 -0.193113 
14 -0.396688 
15 -0.627138 
16 0.008200 
17 -0.751585 
18 0.019726 
19 -0.280259 
20 0.191709 
21 -0.327070 
22 -0.227587 
23 -0.609051 
24 -0.213481 
25 -0.328239 
26 -0.580127 
27 -0.027008 
28 -0.185991 
29 -0.098306 
30 0.027340 
31 0.066559 
32 -0.030385 
33 -0.390854 
34 0.271079 
35 -0.274811 
36 -0.251452 
37 -0.181158 
38 -0.454777 
39 -0.160726 
40 -0.572707 
41 -0.104372 
42 -0.983757 
43 -0.487126 
44 -0.088099 
45 -0.026266 
46 -0.266315 
47 -0.301913 
48 -0.485972 
49 -0.342778 
50 0.025211 
51 -0.163719 
52 -0.174816 
53 -0.508815 
54 -0.683051 
55 -0.469967 
56 -0.028709 
57 -0.202908 
58 -0.051630 
59 0.107922 
60 -0.310781 
61 0.251546 
62 -0.147071 
63 -0.397898 
64 -0.098411 
65 -0.108656 
66 -0.580771 
67 -0.160986 
68 -0.141637 
69 -0.068515 
70 -0.081610 
71 -0.128408 
72 -0.641563 
73 -0.025078 
74 -0.157306 
75 -0.050218 
76 -0.365163 
77 -0.654382 
78 -0.343707 
79 0.016002 
80 -0.628639 
81 -0.185316 
82 -0.252452 
83 -0.288269 
84 -0.225850 
85 -0.327729 
86 -0.233994 
87 0.072952 
88 -0.289539 
89 -0.013537 
90 -0.319736 
91 0.013670 
92 -0.097745 
93 0.034635 
94 -0.166559 
95 -0.593610 
96 0.002220 
97 -0.224102 
98 -0.330727 
99 -0.067923 
100 -0.067147 
101 -0.379952 
102 -0.027458 
103 0.048949 
104 -0.237923 
105 0.033119 
106 -0.039530 
107 0.282910 
108 -0.354500 
109 -0.158290 
110 -0.172635 
111 -0.224706 
112 -0.198988 
113 -0.603929 
114 -0.109329 
115 0.109171 
116 -0.065434 
117 -0.246565 
118 -0.171124 
119 -0.154451 
120 -0.475519 
121 -0.028913 
122 -0.473397 
123 -0.457375 
124 -0.747316 
125 -0.648872 
126 -0.656995 
127 -0.369265 
128 0.048369 
129 -0.154413 
130 -0.375274 
131 0.013205 
132 -0.598529 
133 -0.432219 
134 -0.392220 
135 -0.118652 
136 -0.192288 
137 -0.573358 
138 -0.285391 
139 -0.180800 
140 -0.138990 
141 -0.100563 
142 -0.169591 
143 -0.354930 
144 0.044443 
145 -0.034917 
146 -0.388447 
147 -0.883777 
148 -0.604294 
149 0.035597 
150 -0.211301 
151 0.048183 
152 -0.005346 
153 0.105256 
154 -0.399583 
155 -0.566447 
156 -0.501679 
157 -0.449872 
158 0.095690 
159 0.062483 
160 -0.143292 
161 0.062572 
162 -0.229461 
163 -0.381718 
164 -0.079699 
165 -0.124150 
166 -0.028652 
167 0.041404 
168 0.029877 
169 -0.370192 
170 -0.364419 
171 -0.275911 
172 -0.481166 
173 -0.353592 
174 -0.614337 
175 -0.550296 
176 0.168114 
177 0.137842 
178 -0.438120 
179 -0.285730 
180 -0.499232 
181 -0.315760 
182 -0.336061 
183 -0.136213 
184 -0.268969 
185 0.000929 
186 -0.144074 
187 0.230731 
188 -0.244852 
189 -0.125661 
190 -0.107413 
191 -0.033378 
192 0.097007 
193 -0.373128 
194 -0.389725 
195 -0.247305 
196 -0.182357 
197 -0.509021 
198 -0.016937 
199 -0.126493 
