0.100000 -0.824389
0.200000 -0.827911
0.300000 -0.817937
0.400000 -0.814903
0.500000 -0.810159
0.600000 -0.799609
0.700000 -0.775850
0.800000 -0.636824
0.900000 -0.408326
1.000000 -0.187832
1.100000 -0.038563
1.200000 -0.005968
1.300000 0.009517
1.400000 0.001183
1.500000 0.019193
1.600000 0.011498
1.700000 0.011504
1.800000 -0.000623
1.900000 0.015872
2.000000 0.031951
2.100000 -0.018382
2.200000 -0.004396
2.300000 -0.000259
2.400000 0.010350
2.500000 0.014416
2.600000 -0.002035
2.700000 -0.014791
2.800000 0.003502
2.900000 -0.029646
3.000000 0.003980
