0 -1.010801 
1 -0.929981 
2 -0.705605 
3 -0.161803 
4 -0.506619 
5 -0.716840 
6 -0.252581 
7 -0.403091 
8 -0.505253 
9 -1.052992 
10 -0.434378 
11 -0.601213 
12 -0.592996 
13 -0.580961 
14 -0.813561 
15 -0.162010 
16 -0.357860 
17 -0.787126 
18 -0.467269 
19 -0.631954 
20 -0.799855 
21 -0.819148 
22 -0.459146 
23 -0.729046 
24 -0.534712 
25 -0.364082 
26 -0.616949 
27 -0.572878 
28 -0.460897 
29 -0.442006 
30 -0.463676 
31 -0.057228 
32 -1.356060 
33 -0.509533 
34 -0.248554 
35 -0.575121 
36 -0.549521 
37 -0.405302 
38 -0.317413 
39 -0.110735 
40 -0.550055 
41 -1.311310 
42 -0.560515 
43 -0.523850 
44 -1.073944 
45 -1.031703 
46 -0.756157 
47 0.051772 
48 -0.564289 
49 -0.102418 
50 -0.422600 
51 -0.406166 
52 -0.497262 
53 -0.632815 
54 -0.903764 
55 -0.433209 
56 -0.418858 
57 -0.779039 
58 -0.062711 
59 -0.527228 
60 -0.252760 
61 -0.271718 
62 -0.411533 
63 -0.464702 
64 -0.713469 
65 -0.544442 
66 -0.570106 
67 -0.858908 
68 -0.224717 
69 -0.096119 
70 -0.260953 
71 -0.919255 
72 -0.580732 
73 -0.403781 
74 -0.838357 
75 -0.410159 
76 -0.396949 
77 -0.850600 
78 -0.046679 
79 -0.319407 
80 -0.266990 
81 -0.465892 
82 -0.707294 
83 -0.644059 
84 -0.084491 
85 -0.587291 
86 -1.134767 
87 -0.383152 
88 -0.522110 
89 -0.865294 
90 -0.776263 
91 -0.563975 
92 -0.861959 
93 -0.821292 
94 -0.230367 
95 -0.340325 
96 -0.373520 
97 -0.164174 
98 -0.664064 
99 -0.310317 
100 -1.149566 
101 -0.661691 
102 -0.859770 
103 -0.778791 
104 -1.060067 
105 -0.564905 
106 -1.244695 
107 -0.241136 
108 -0.170087 
109 -0.508056 
110 -0.313810 
111 -0.925035 
112 -0.188561 
113 -0.515567 
114 -1.100765 
115 -0.744338 
116 -0.545608 
117 -0.897243 
118 -0.527926 
119 0.004574 
120 -0.758402 
121 -0.019832 
122 -0.293031 
123 -0.287782 
124 0.114832 
125 -0.611916 
126 -0.530064 
127 -0.526077 
128 -0.358254 
129 -0.382938 
130 -0.550859 
131 -0.514758 
132 -0.400926 
133 -0.598086 
134 -0.391383 
135 -0.564071 
136 -0.665399 
137 -0.715401 
138 -0.574531 
139 -0.154861 
140 -0.745985 
141 -0.756024 
142 -0.671487 
143 -0.664698 
144 -0.732294 
145 -0.572855 
146 -0.233009 
147 -0.575084 
148 -0.903003 
149 -0.495128 
150 -0.576075 
151 -0.402982 
152 -0.622260 
153 -0.563578 
154 -0.112214 
155 -0.363620 
156 -0.927667 
157 -0.591898 
158 -1.194388 
159 -0.680981 
160 -0.245174 
161 -0.480393 
162 -0.484279 
163 -0.734930 
164 -0.370312 
165 -0.239681 
166 -0.686141 
167 -0.547227 
168 -0.377184 
169 -0.564175 
170 -0.818623 
171 -0.765730 
172 -0.147444 
173 -0.279432 
174 -0.135904 
175 -0.769975 
176 -0.248562 
177 -0.536622 
178 -0.500962 
179 -0.543928 
180 -0.345714 
181 -0.402324 
182 -1.052471 
183 -0.578197 
184 -0.116057 
185 -0.633645 
186 -0.673507 
187 -0.689816 
188 -0.333491 
189 -1.187488 
190 -0.383196 
191 -0.581862 
192 -0.805622 
193 -0.669938 
194 -0.871598 
195 -0.989659 
196 -0.337733 
197 -0.082288 
198 -0.213440 
199 -0.662267 
