0 -0.003094 
1 0.187597 
2 -0.241892 
3 0.430027 
4 -0.194124 
5 0.026768 
6 0.343564 
7 -0.099865 
8 -0.112278 
9 -0.041860 
10 -0.082067 
11 -0.002711 
12 -0.201881 
13 0.116621 
14 0.094596 
15 0.215032 
16 0.161884 
17 -0.085105 
18 0.051779 
19 0.130236 
20 -0.103618 
21 0.163264 
22 0.131937 
23 -0.139631 
24 0.093139 
25 0.067138 
26 0.216514 
27 0.016542 
28 0.206645 
29 -0.062374 
30 -0.325959 
31 0.137965 
32 0.195840 
33 -0.584173 
34 -0.003890 
35 -0.154045 
36 0.060468 
37 0.251580 
38 0.042076 
39 0.598282 
40 -0.216927 
41 -0.007578 
42 0.060147 
43 -0.054750 
44 -0.188158 
45 0.311888 
46 0.176548 
47 0.136782 
48 -0.165018 
49 0.250539 
50 -0.166232 
51 0.014749 
52 0.210340 
53 0.099189 
54 -0.118429 
55 0.123285 
56 -0.129430 
57 -0.150650 
58 -0.066505 
59 -0.422362 
60 -0.117808 
61 0.219354 
62 0.096105 
63 0.149538 
64 -0.292845 
65 0.079958 
66 0.057265 
67 0.225922 
68 -0.014547 
69 -0.179810 
70 -0.074142 
71 -0.002058 
72 -0.188685 
73 -0.212363 
74 -0.006081 
75 -0.474724 
76 0.296694 
77 0.194196 
78 0.149011 
79 0.191018 
80 -0.002984 
81 -0.260684 
82 0.210447 
83 -0.065350 
84 -0.175972 
85 0.027036 
86 0.360686 
87 0.079472 
88 0.161012 
89 -0.251462 
90 0.182779 
91 -0.030239 
92 -0.080193 
93 -0.341049 
94 0.101197 
95 -0.047199 
96 0.027271 
97 -0.213277 
98 -0.010259 
99 0.164823 
100 -0.108729 
101 -0.421812 
102 0.111005 
103 0.026285 
104 -0.277507 
105 -0.210411 
106 -0.055501 
107 0.114435 
108 0.184033 
109 -0.167690 
110 -0.159701 
111 0.030187 
112 -0.460408 
113 -0.208730 
114 -0.148998 
115 0.152166 
116 0.413630 
117 -0.083360 
118 0.026074 
119 0.163853 
120 0.085337 
121 0.287228 
122 -0.119057 
123 0.222110 
124 -0.522370 
125 0.215776 
126 -0.135134 
127 -0.045181 
128 -0.059442 
129 0.131444 
130 0.090144 
131 0.019083 
132 -0.077267 
133 -0.057856 
134 0.342882 
135 -0.071738 
136 -0.086067 
137 0.002160 
138 -0.144708 
139 0.130612 
140 -0.247549 
141 0.178551 
142 0.227082 
143 0.045639 
144 0.133545 
145 -0.093240 
146 -0.217563 
147 0.133782 
148 0.098304 
149 -0.208110 
150 -0.118033 
151 -0.001383 
152 0.253795 
153 -0.145386 
154 -0.631329 
155 -0.266173 
156 -0.174077 
157 -0.193447 
158 -0.013944 
159 -0.360080 
160 -0.199498 
161 0.041995 
162 0.061530 
163 0.214867 
164 -0.228670 
165 0.102221 
166 0.326066 
167 -0.252368 
168 -0.131504 
169 0.219322 
170 -0.239133 
171 -0.257319 
172 -0.318829 
173 0.168112 
174 -0.212053 
175 -0.135547 
176 0.019385 
177 0.021991 
178 0.457439 
179 0.065561 
180 -0.020218 
181 -0.001519 
182 0.142916 
183 -0.082346 
184 -0.347778 
185 -0.155266 
186 -0.116863 
187 -0.285547 
188 -0.208107 
189 0.234320 
190 -0.052045 
191 -0.222325 
192 -0.136169 
193 0.092292 
194 -0.155538 
195 -0.072656 
196 0.423662 
197 -0.346188 
198 0.106866 
199 -0.136823 
