0 -0.858223 
1 -0.444375 
2 -0.735830 
3 -0.800648 
4 -0.705588 
5 -0.913042 
6 -1.024488 
7 -0.507595 
8 -0.658723 
9 -0.196222 
10 -0.547427 
11 -0.460546 
12 -1.274379 
13 -0.866113 
14 -1.051867 
15 -1.086016 
16 -0.610653 
17 -0.651398 
18 -0.483882 
19 -0.755317 
20 -0.459709 
21 -1.421853 
22 -0.451876 
23 -1.392366 
24 -0.852977 
25 -0.666424 
26 -0.927283 
27 -0.978188 
28 -0.708817 
29 -0.647501 
30 -0.514160 
31 -1.081254 
32 -0.528583 
33 -0.291825 
34 -0.931912 
35 -1.318224 
36 -0.439171 
37 -0.172201 
38 -0.947303 
39 -0.969557 
40 -0.978413 
41 -0.765071 
42 -0.733707 
43 -0.950930 
44 -1.086356 
45 -0.899699 
46 -0.961857 
47 -0.765397 
48 -0.623015 
49 -0.535864 
50 -0.476023 
51 -1.293170 
52 -0.900102 
53 -0.576145 
54 -0.594984 
55 -0.284046 
56 -0.980103 
57 -0.921374 
58 -0.758943 
59 -0.927943 
60 -0.778336 
61 -0.905590 
62 -0.809090 
63 -0.937764 
64 -0.711953 
65 -0.925666 
66 -0.927151 
67 -1.088449 
68 -0.546524 
69 -0.682672 
70 -0.578362 
71 -0.951321 
72 -0.538688 
73 -0.511017 
74 -1.211189 
75 -0.615710 
76 -0.817648 
77 -1.032077 
78 -0.920826 
79 -0.535239 
80 -0.694663 
81 -1.288428 
82 -1.125434 
83 -0.964388 
84 -0.521987 
85 -0.493082 
86 -0.659157 
87 -1.363793 
88 -0.910802 
89 -1.046457 
90 -0.682988 
91 -0.954260 
92 -0.743914 
93 -0.694389 
94 -0.666078 
95 -0.705721 
96 -0.544572 
97 -0.541514 
98 -0.311859 
99 -1.014083 
100 -0.691158 
101 -0.747557 
102 -1.312745 
103 -1.303556 
104 -0.790224 
105 -0.408433 
106 -0.925251 
107 -0.890789 
108 -0.955215 
109 -0.578503 
110 -0.783721 
111 -0.544655 
112 -0.217544 
113 -0.767975 
114 -0.450234 
115 -0.881087 
116 -0.786713 
117 -0.498458 
118 -0.435561 
119 -1.188166 
120 -1.493182 
121 -0.523771 
122 -0.991268 
123 -0.967897 
124 -1.366747 
125 -1.120386 
126 -0.874434 
127 -0.651018 
128 -0.873377 
129 -1.012680 
130 -0.816003 
131 -0.340848 
132 -1.390077 
133 -1.049978 
134 -1.288417 
135 -0.796708 
136 -1.004574 
137 -0.767098 
138 -0.926005 
139 -0.544688 
140 -0.328704 
141 -0.879047 
142 -1.023291 
143 -1.058818 
144 -1.099448 
145 -0.649016 
146 -1.321747 
147 -0.766859 
148 -1.403678 
149 -0.532804 
150 -1.074715 
151 -0.866310 
152 -0.550259 
153 -0.448874 
154 -0.858321 
155 -0.792098 
156 -0.501062 
157 -0.909589 
158 -0.491978 
159 -1.473670 
160 -0.929650 
161 -1.025551 
162 -0.970043 
163 -0.610662 
164 -1.588449 
165 -0.614320 
166 -1.350322 
167 -0.946699 
168 -1.170016 
169 -0.777593 
170 -1.261022 
171 -0.832687 
172 -0.842708 
173 -0.519833 
174 -0.874901 
175 -0.575235 
176 -1.102152 
177 -0.872008 
178 -0.527462 
179 -1.315739 
180 -0.848608 
181 -0.489378 
182 -0.455833 
183 -0.506965 
184 -0.609014 
185 -0.882017 
186 -0.921688 
187 -0.916575 
188 -0.626784 
189 -0.552913 
190 -0.668524 
191 -0.652731 
192 -0.429534 
193 -0.676900 
194 -1.058156 
195 -0.944449 
196 -0.699384 
197 -1.135475 
198 -1.383948 
199 -0.528141 
