0 0.139785 
1 -0.102766 
2 -0.260178 
3 -0.154717 
4 0.264812 
5 -0.204345 
6 0.002225 
7 0.033585 
8 -0.183980 
9 0.059437 
10 0.132958 
11 -0.110272 
12 0.187136 
13 -0.046422 
14 0.379196 
15 -0.371725 
16 0.500633 
17 0.362510 
18 0.322047 
19 -0.012934 
20 -0.065119 
21 0.075834 
22 -0.330352 
23 0.057662 
24 -0.158943 
25 0.023469 
26 0.308650 
27 0.002613 
28 0.053201 
29 0.128871 
30 0.173687 
31 0.056325 
32 0.247237 
33 -0.069922 
34 -0.279103 
35 0.504064 
36 -0.068505 
37 0.199235 
38 -0.049169 
39 0.432426 
40 0.011039 
41 -0.360183 
42 -0.203100 
43 0.349194 
44 0.296513 
45 -0.165276 
46 0.237971 
47 -0.051983 
48 -0.014934 
49 0.126524 
50 0.143885 
51 -0.084178 
52 0.002728 
53 -0.010857 
54 -0.228814 
55 -0.236057 
56 0.048204 
57 0.316092 
58 0.059798 
59 0.088134 
60 -0.434934 
61 0.009997 
62 0.058483 
63 0.065704 
64 -0.233637 
65 0.062757 
66 0.161194 
67 0.110765 
68 0.103362 
69 -0.029290 
70 0.225313 
71 -0.032439 
72 -0.083419 
73 0.055965 
74 -0.130711 
75 0.135581 
76 0.061982 
77 -0.160005 
78 0.032118 
79 -0.004577 
80 -0.092441 
81 -0.112191 
82 -0.330726 
83 -0.035443 
84 0.201949 
85 -0.071654 
86 -0.119944 
87 -0.418045 
88 -0.112605 
89 0.021454 
90 -0.240797 
91 0.234755 
92 -0.117215 
93 -0.215730 
94 -0.203069 
95 0.138722 
96 -0.001078 
97 0.057103 
98 0.161133 
99 0.152870 
100 -0.039375 
101 -0.098728 
102 0.191366 
103 -0.011147 
104 -0.024813 
105 0.062121 
106 0.050856 
107 -0.033901 
108 -0.122465 
109 0.045226 
110 -0.064284 
111 0.073865 
112 -0.295186 
113 -0.265233 
114 0.151145 
115 0.173582 
116 0.099776 
117 -0.078506 
118 -0.334583 
119 -0.027293 
120 -0.184758 
121 -0.160336 
122 -0.000644 
123 -0.324273 
124 0.120486 
125 0.193537 
126 0.259524 
127 -0.083098 
128 0.070157 
129 -0.165497 
130 0.079122 
131 0.039072 
132 0.269338 
133 0.052763 
134 0.138533 
135 -0.299888 
136 0.178679 
137 0.028608 
138 -0.037385 
139 -0.235831 
140 0.100834 
141 0.018411 
142 0.106419 
143 0.089231 
144 0.110129 
145 0.057681 
146 0.049869 
147 0.311673 
148 0.009776 
149 0.023335 
150 -0.114761 
151 -0.000044 
152 0.013450 
153 -0.109315 
154 -0.206765 
155 -0.009543 
156 -0.041158 
157 0.067308 
158 0.210936 
159 -0.163897 
160 0.136501 
161 0.213607 
162 -0.054461 
163 -0.052296 
164 -0.177050 
165 0.042251 
166 -0.158228 
167 -0.274012 
168 0.240860 
169 0.213958 
170 -0.067683 
171 0.075793 
172 0.045394 
173 0.047055 
174 -0.017265 
175 0.126258 
176 0.068008 
177 -0.053928 
178 -0.129891 
179 0.234280 
180 0.312086 
181 -0.242532 
182 0.147109 
183 0.056530 
184 -0.045066 
185 -0.494843 
186 0.028343 
187 0.098301 
188 -0.091908 
189 0.038456 
190 0.024728 
191 -0.076916 
192 0.210132 
193 -0.025396 
194 0.406665 
195 0.140336 
196 -0.118157 
197 -0.015513 
198 0.269460 
199 0.121210 
