0 -0.085902 
1 -0.661793 
2 0.245709 
3 -0.209120 
4 0.155280 
5 0.138742 
6 -0.220697 
7 -0.019744 
8 -0.248148 
9 -0.138092 
10 -0.221631 
11 -0.107933 
12 0.207735 
13 0.130024 
14 0.136203 
15 -0.163077 
16 0.007567 
17 -0.462085 
18 0.003824 
19 -0.180442 
20 0.151799 
21 -0.532898 
22 0.068401 
23 -0.296769 
24 -0.215154 
25 0.208529 
26 -0.363917 
27 -0.376153 
28 -0.420903 
29 -0.023238 
30 -0.482588 
31 0.165079 
32 0.214654 
33 0.129081 
34 -0.172092 
35 -0.100693 
36 0.226898 
37 -0.367513 
38 -0.178901 
39 -0.160194 
40 -0.485824 
41 -0.067321 
42 -0.138671 
43 -0.094336 
44 -0.237954 
45 0.333152 
46 -0.164270 
47 0.051027 
48 0.111632 
49 -0.117188 
50 0.125338 
51 0.179890 
52 0.298285 
53 -0.253338 
54 0.159715 
55 -0.223353 
56 -0.186358 
57 0.005427 
58 -0.372114 
59 -0.263892 
60 0.161691 
61 -0.229823 
62 0.122142 
63 0.250247 
64 0.123318 
65 0.016013 
66 -0.079538 
67 -0.245663 
68 -0.316654 
69 -0.113318 
70 -0.290186 
71 -0.240745 
72 -0.139978 
73 -0.264784 
74 0.001295 
75 -0.532259 
76 -0.122605 
77 -0.016125 
78 0.040048 
79 -0.033816 
80 -0.381410 
81 0.302497 
82 -0.136321 
83 -0.148451 
84 -0.091951 
85 -0.090677 
86 -0.135808 
87 0.074919 
88 -0.015811 
89 0.189266 
90 -0.014447 
91 -0.098554 
92 -0.401185 
93 -0.078886 
94 -0.540158 
95 -0.194101 
96 -0.568759 
97 0.081557 
98 0.080026 
99 -0.175016 
100 0.167470 
101 -0.044806 
102 -0.508824 
103 0.042570 
104 -0.124671 
105 -0.268940 
106 0.234724 
107 -0.387712 
108 -0.093643 
109 0.016912 
110 0.081724 
111 -0.147978 
112 -0.177211 
113 -0.230051 
114 0.074813 
115 -0.026907 
116 0.260351 
117 -0.327442 
118 0.245766 
119 -0.206977 
120 0.138353 
121 0.153186 
122 -0.044159 
123 0.028680 
124 -0.065448 
125 -0.528472 
126 -0.019533 
127 0.259482 
128 0.036304 
129 -0.092408 
130 -0.128347 
131 -0.213983 
132 0.025610 
133 -0.061830 
134 -0.478435 
135 -0.008276 
136 0.218560 
137 -0.191673 
138 -0.205421 
139 0.046878 
140 0.201860 
141 -0.135380 
142 -0.280994 
143 0.032693 
144 -0.173066 
145 0.001566 
146 0.289805 
147 -0.107775 
148 -0.276616 
149 0.004592 
150 0.052380 
151 -0.020375 
152 0.120529 
153 0.298126 
154 -0.263764 
155 -0.262205 
156 -0.370785 
157 0.144478 
158 -0.568164 
159 -0.225026 
160 -0.662411 
161 0.058588 
162 0.118115 
163 0.211077 
164 0.203088 
165 -0.200493 
166 -0.074925 
167 -0.043904 
168 0.014678 
169 0.181080 
170 -0.183510 
171 -0.476677 
172 -0.059979 
173 0.553616 
174 -0.115831 
175 0.120767 
176 0.023325 
177 -0.024838 
178 -0.040383 
179 -0.046049 
180 -0.150435 
181 -0.222166 
182 0.057149 
183 0.108136 
184 0.467943 
185 0.196148 
186 0.092489 
187 -0.249994 
188 -0.245624 
189 -0.021474 
190 -0.574341 
191 -0.104357 
192 -0.164826 
193 0.097176 
194 -0.080995 
195 0.051662 
196 0.008882 
197 -0.126905 
198 0.138198 
199 -0.377517 
