0 -0.352642 
1 -0.091432 
2 -0.434862 
3 -0.130046 
4 -0.297144 
5 -0.501249 
6 -0.265571 
7 -0.300276 
8 -0.449228 
9 -0.245747 
10 -0.289230 
11 -0.723968 
12 -0.145883 
13 -0.400911 
14 -0.348850 
15 -0.240060 
16 -0.200605 
17 -0.377561 
18 -0.507100 
19 -0.088698 
20 -0.061728 
21 -0.617450 
22 -0.214025 
23 -0.183803 
24 -0.297439 
25 0.211411 
26 -0.197057 
27 -0.440701 
28 0.088979 
29 -0.197811 
30 -0.157057 
31 0.065919 
32 -0.451290 
33 -0.073769 
34 -0.019785 
35 -0.467278 
36 -0.586320 
37 -0.165576 
38 -0.075367 
39 -0.144781 
40 -0.419900 
41 -0.435483 
42 -0.229799 
43 -0.435551 
44 -0.127971 
45 0.033840 
46 0.068082 
47 -0.003520 
48 -0.459878 
49 -0.063431 
50 -0.394385 
51 -0.403845 
52 -0.435358 
53 -0.190248 
54 -0.478497 
55 -0.086347 
56 -0.112722 
57 -0.089201 
58 -0.062777 
59 -0.440496 
60 -0.105466 
61 -0.098438 
62 0.148206 
63 -0.797335 
64 -0.455816 
65 -0.418401 
66 -0.005754 
67 -0.671967 
68 -0.228581 
69 -0.564098 
70 -0.052560 
71 -0.256391 
72 0.020946 
73 0.209139 
74 -0.026195 
75 -0.587099 
76 -0.181415 
77 -0.292573 
78 -0.097817 
79 -0.272249 
80 -0.308226 
81 -0.768311 
82 -0.411153 
83 -0.793192 
84 -0.015630 
85 -0.414982 
86 -0.640035 
87 -0.088690 
88 0.035575 
89 -0.137944 
90 -0.198634 
91 -0.337975 
92 0.018277 
93 -0.194837 
94 -0.327138 
95 -0.168366 
96 -0.529797 
97 -0.162152 
98 -0.460516 
99 -0.316415 
100 -0.265304 
101 0.211262 
102 -0.102262 
103 0.005365 
104 -0.216816 
105 -0.431578 
106 -0.093978 
107 -0.467115 
108 -0.618889 
109 -0.283185 
110 -0.462163 
111 -0.349103 
112 -0.258812 
113 -0.500618 
114 -0.134682 
115 -0.449612 
116 -0.714413 
117 -0.309829 
118 -0.309952 
119 -0.286607 
120 -0.252766 
121 -0.262666 
122 -0.216872 
123 0.107344 
124 -0.759135 
125 0.048222 
126 -0.515149 
127 0.004936 
128 -0.487571 
129 -0.679986 
130 -0.015497 
131 0.249548 
132 -0.059272 
133 -0.196969 
134 -0.115594 
135 -0.178867 
136 -0.066022 
137 -0.520943 
138 -0.503649 
139 -0.298399 
140 -0.038509 
141 -0.340327 
142 0.059069 
143 -0.288226 
144 -0.162633 
145 -0.025941 
146 -0.351560 
147 -0.206460 
148 -0.069214 
149 -0.003959 
150 -0.367093 
151 -0.147201 
152 -0.539591 
153 -0.082970 
154 0.020900 
155 -0.239088 
156 -0.034465 
157 -0.071336 
158 -0.392318 
159 -0.257424 
160 0.023038 
161 -0.234256 
162 -0.639973 
163 -0.327935 
164 -0.188993 
165 -0.661704 
166 -0.353865 
167 -0.084601 
168 -0.052973 
169 -0.511041 
170 -0.471856 
171 -0.416933 
172 -0.056971 
173 -0.401644 
174 -0.561990 
175 -0.447111 
176 -0.035051 
177 -0.180313 
178 -0.090113 
179 0.108147 
180 -0.607454 
181 -0.264400 
182 -0.275847 
183 0.081610 
184 -0.170095 
185 -0.072464 
186 -0.245603 
187 -0.316299 
188 -0.248847 
189 -0.341118 
190 -0.384666 
191 -0.333500 
192 -0.239749 
193 -0.225166 
194 -0.088933 
195 -0.108918 
196 -0.380833 
197 -0.172751 
198 -0.007724 
199 -0.325086 
