0 -0.139861 
1 -0.018642 
2 0.042915 
3 0.244358 
4 -0.058099 
5 -0.003848 
6 0.130158 
7 -0.266649 
8 0.077689 
9 0.031036 
10 -0.019097 
11 -0.286452 
12 0.089403 
13 0.145370 
14 -0.127305 
15 -0.308128 
16 0.061254 
17 -0.316220 
18 0.350990 
19 -0.134982 
20 0.247424 
21 -0.000931 
22 0.429764 
23 -0.194364 
24 -0.052520 
25 0.023269 
26 0.144244 
27 0.113885 
28 -0.232467 
29 0.075867 
30 0.004258 
31 -0.066858 
32 -0.132597 
33 0.139702 
34 0.081220 
35 -0.034861 
36 0.038324 
37 -0.051761 
38 0.225657 
39 -0.278869 
40 -0.154915 
41 0.131481 
42 0.045577 
43 -0.432072 
44 -0.198049 
45 -0.092553 
46 0.409922 
47 0.495822 
48 -0.137849 
49 -0.021933 
50 -0.085089 
51 0.079775 
52 0.032647 
53 0.026592 
54 -0.023496 
55 0.109321 
56 -0.348336 
57 0.198577 
58 0.171153 
59 -0.021175 
60 -0.079653 
61 -0.068584 
62 -0.069463 
63 0.347947 
64 0.046352 
65 -0.053831 
66 -0.110942 
67 -0.437484 
68 -0.420395 
69 -0.097421 
70 -0.114071 
71 0.012109 
72 0.363010 
73 0.053755 
74 -0.136398 
75 0.107773 
76 -0.091663 
77 0.060956 
78 0.196652 
79 -0.034709 
80 0.500614 
81 0.337574 
82 0.272736 
83 0.255832 
84 -0.100549 
85 0.236578 
86 0.065753 
87 -0.048714 
88 0.400689 
89 -0.122279 
90 -0.078413 
91 -0.036024 
92 -0.009738 
93 0.098013 
94 -0.075578 
95 -0.007428 
96 0.102011 
97 0.028624 
98 -0.072544 
99 0.158658 
100 0.292603 
101 0.090321 
102 -0.378340 
103 0.155509 
104 0.102987 
105 -0.227024 
106 0.032844 
107 0.302198 
108 -0.037229 
109 0.118134 
110 0.023618 
111 -0.081951 
112 0.175088 
113 -0.248676 
114 0.058426 
115 -0.071340 
116 -0.154080 
117 0.288325 
118 0.113330 
119 -0.110039 
120 0.147399 
121 0.228496 
122 -0.311145 
123 0.045298 
124 0.145119 
125 0.136776 
126 -0.066610 
127 0.086275 
128 0.287115 
129 0.097716 
130 0.113081 
131 -0.040579 
132 0.085909 
133 -0.122993 
134 -0.031547 
135 -0.272681 
136 0.123571 
137 0.160067 
138 0.114322 
139 -0.249259 
140 -0.124597 
141 -0.161491 
142 -0.079998 
143 0.026190 
144 0.132753 
145 -0.023138 
146 0.017842 
147 0.171631 
148 0.240343 
149 0.005498 
150 0.021703 
151 -0.083685 
152 0.105946 
153 0.124222 
154 0.153210 
155 0.277424 
156 -0.106276 
157 0.148565 
158 -0.328456 
159 0.066816 
160 -0.064980 
161 -0.040859 
162 -0.062050 
163 -0.118284 
164 0.100654 
165 -0.347680 
166 0.094444 
167 -0.089282 
168 -0.001187 
169 0.006864 
170 -0.006893 
171 0.159153 
172 -0.014909 
173 -0.122877 
174 -0.045805 
175 0.056374 
176 -0.025606 
177 -0.097786 
178 0.232959 
179 0.141527 
180 0.153687 
181 -0.198596 
182 0.059852 
183 0.052875 
184 -0.088217 
185 -0.110110 
186 -0.040745 
187 -0.061979 
188 0.217950 
189 -0.036718 
190 -0.059019 
191 0.320432 
192 0.032543 
193 -0.002167 
194 0.180150 
195 -0.001116 
196 0.408040 
197 0.196518 
198 -0.152741 
199 0.169239 
