0 0.148760 
1 -0.231241 
2 -0.075093 
3 -0.046234 
4 -0.230167 
5 0.118795 
6 0.354531 
7 -0.190984 
8 -0.225966 
9 -0.033778 
10 -0.026276 
11 0.147281 
12 -0.282281 
13 0.095910 
14 -0.053989 
15 0.190623 
16 -0.348782 
17 0.068958 
18 -0.101241 
19 0.058865 
20 0.010149 
21 -0.268679 
22 -0.013122 
23 -0.253029 
24 0.057216 
25 -0.165522 
26 -0.615241 
27 0.003394 
28 -0.137772 
29 0.128497 
30 0.236531 
31 0.159945 
32 -0.431700 
33 -0.375614 
34 -0.032615 
35 0.066542 
36 0.104003 
37 -0.027869 
38 0.294392 
39 -0.148739 
40 -0.183737 
41 -0.108600 
42 -0.019209 
43 -0.125914 
44 -0.526205 
45 0.080145 
46 -0.058989 
47 -0.118723 
48 0.215041 
49 -0.410136 
50 -0.067841 
51 -0.137867 
52 -0.224032 
53 0.131284 
54 0.005317 
55 -0.021883 
56 0.074152 
57 0.139889 
58 0.082265 
59 -0.139540 
60 0.132079 
61 0.100154 
62 -0.030039 
63 -0.065165 
64 0.195116 
65 0.219658 
66 0.050389 
67 -0.169233 
68 0.085042 
69 -0.081279 
70 -0.028373 
71 -0.063917 
72 0.025034 
73 -0.246088 
74 0.224916 
75 -0.270285 
76 0.043457 
77 -0.100111 
78 -0.095494 
79 -0.172240 
80 -0.155954 
81 0.167543 
82 0.101946 
83 0.239984 
84 -0.257112 
85 0.096581 
86 -0.110686 
87 -0.142685 
88 -0.114699 
89 0.096274 
90 0.114134 
91 0.231458 
92 -0.028164 
93 0.026661 
94 -0.330723 
95 -0.030480 
96 -0.103848 
97 -0.002148 
98 -0.430568 
99 0.164640 
100 -0.057946 
101 -0.152085 
102 -0.044688 
103 0.084224 
104 0.002701 
105 -0.143899 
106 0.332137 
107 0.020128 
108 -0.008083 
109 0.185444 
110 0.144410 
111 -0.321780 
112 -0.009822 
113 0.055336 
114 -0.112235 
115 -0.012061 
116 -0.063887 
117 0.134102 
118 0.068819 
119 0.023313 
120 0.065322 
121 0.137405 
122 0.084724 
123 -0.477692 
124 0.006604 
125 -0.019371 
126 -0.090571 
127 0.007602 
128 0.148691 
129 0.081270 
130 -0.045884 
131 0.008248 
132 0.129859 
133 0.058924 
134 -0.208156 
135 0.139775 
136 0.156844 
137 -0.281315 
138 0.215179 
139 0.149892 
140 -0.288553 
141 0.247839 
142 0.250767 
143 0.004209 
144 0.197629 
145 0.119340 
146 -0.101963 
147 0.244465 
148 -0.048259 
149 -0.244062 
150 0.196841 
151 0.314183 
152 -0.385109 
153 -0.115155 
154 0.291931 
155 -0.042891 
156 -0.141642 
157 -0.321842 
158 -0.354025 
159 0.149188 
160 -0.085109 
161 -0.004116 
162 0.249096 
163 0.001815 
164 -0.093965 
165 -0.047446 
166 0.114321 
167 0.030894 
168 0.030965 
169 -0.044468 
170 0.120778 
171 -0.050041 
172 -0.203616 
173 0.080071 
174 0.059849 
175 -0.241171 
176 -0.074468 
177 0.071663 
178 0.026134 
179 0.284817 
180 0.310623 
181 0.134679 
182 0.194130 
183 -0.337167 
184 0.056293 
185 -0.149846 
186 0.390570 
187 -0.063685 
188 -0.028041 
189 0.101006 
190 0.222384 
191 0.359582 
192 -0.080349 
193 0.188199 
194 0.015947 
195 -0.063509 
196 -0.189316 
197 -0.493644 
198 0.091763 
199 0.092051 
