0 -0.002954 
1 -0.164215 
2 0.066674 
3 0.231336 
4 -0.054134 
5 -0.146879 
6 -0.111320 
7 0.083991 
8 -0.061166 
9 -0.060314 
10 -0.070838 
11 -0.243895 
12 -0.118187 
13 0.051428 
14 -0.227317 
15 0.130136 
16 -0.341996 
17 -0.216869 
18 0.007083 
19 -0.268151 
20 0.185558 
21 0.025265 
22 -0.010298 
23 0.228393 
24 -0.146600 
25 0.179012 
26 0.022736 
27 0.300927 
28 0.015618 
29 0.215301 
30 -0.145284 
31 0.311831 
32 -0.054843 
33 0.188805 
34 0.167681 
35 0.397946 
36 0.284756 
37 -0.057299 
38 0.190118 
39 -0.033338 
40 -0.241910 
41 -0.093929 
42 0.226507 
43 0.061931 
44 0.066479 
45 0.063841 
46 -0.222917 
47 -0.067305 
48 0.019049 
49 0.206756 
50 0.192344 
51 0.078009 
52 -0.119235 
53 0.425283 
54 -0.076068 
55 -0.293060 
56 0.017220 
57 0.148823 
58 0.059787 
59 0.039066 
60 -0.030591 
61 0.259487 
62 0.026956 
63 -0.291427 
64 0.180668 
65 0.022581 
66 0.088158 
67 -0.136287 
68 0.183715 
69 -0.066219 
70 -0.243901 
71 -0.211059 
72 0.034591 
73 0.059882 
74 -0.012762 
75 -0.187753 
76 0.288567 
77 0.151850 
78 -0.062776 
79 0.084555 
80 -0.145909 
81 -0.316602 
82 -0.103093 
83 -0.430209 
84 0.155444 
85 0.394771 
86 0.102602 
87 -0.062149 
88 0.227434 
89 0.034724 
90 -0.058715 
91 -0.186288 
92 -0.029521 
93 -0.350273 
94 0.035080 
95 -0.028428 
96 -0.098568 
97 -0.144708 
98 0.117968 
99 0.068919 
100 0.159063 
101 0.023326 
102 0.157403 
103 -0.016815 
104 -0.283470 
105 -0.297181 
106 0.117551 
107 -0.117304 
108 -0.160158 
109 0.178217 
110 0.167482 
111 0.064069 
112 0.106112 
113 0.189013 
114 0.205774 
115 0.144139 
116 -0.070721 
117 -0.094843 
118 -0.270311 
119 0.130836 
120 0.014759 
121 0.228909 
122 -0.024116 
123 -0.157854 
124 0.216095 
125 0.010711 
126 0.309555 
127 -0.181423 
128 0.010904 
129 0.179267 
130 0.087036 
131 0.020812 
132 0.038728 
133 0.120538 
134 -0.275960 
135 -0.307795 
136 0.270416 
137 -0.299391 
138 0.150789 
139 0.077504 
140 -0.059028 
141 -0.034475 
142 -0.053283 
143 -0.024706 
144 0.152943 
145 0.086985 
146 0.317378 
147 0.237626 
148 -0.078591 
149 0.392975 
150 -0.084945 
151 -0.299687 
152 0.037482 
153 0.135211 
154 0.234811 
155 0.172698 
156 -0.065883 
157 -0.131943 
158 -0.434493 
159 0.164976 
160 0.031524 
161 0.150411 
162 0.220364 
163 0.000457 
164 0.187767 
165 0.340501 
166 0.069329 
167 0.082973 
168 -0.183637 
169 0.197642 
170 -0.182838 
171 -0.084059 
172 -0.033747 
173 0.037778 
174 0.054099 
175 -0.109153 
176 -0.079440 
177 0.029599 
178 0.012947 
179 0.021048 
180 -0.391337 
181 0.202992 
182 -0.017158 
183 -0.091795 
184 0.096120 
185 -0.108569 
186 -0.062703 
187 0.204432 
188 0.188701 
189 -0.313504 
190 0.221812 
191 -0.073264 
192 -0.025763 
193 0.011611 
194 0.611731 
195 0.030034 
196 -0.212713 
197 0.010104 
198 -0.279684 
199 0.113932 
