0 -1.288365 
1 -0.527482 
2 -0.613792 
3 -0.757038 
4 -0.535643 
5 -0.363029 
6 -0.713116 
7 -0.422508 
8 -0.765015 
9 -0.699302 
10 -0.201620 
11 -0.740613 
12 -0.521415 
13 -0.561647 
14 -0.509781 
15 -0.294556 
16 -0.596912 
17 -0.750770 
18 -0.124496 
19 -1.187691 
20 -0.391886 
21 -0.808558 
22 -0.534833 
23 -0.666197 
24 -0.952133 
25 -0.894326 
26 -0.615628 
27 -0.132378 
28 -0.630572 
29 -0.698522 
30 -0.380760 
31 -0.381996 
32 -1.124378 
33 -0.937099 
34 -0.755636 
35 -0.856864 
36 -1.053355 
37 -0.811063 
38 -0.281355 
39 -1.179284 
40 -0.814499 
41 -0.915184 
42 -0.946130 
43 -0.405363 
44 -0.469396 
45 -0.961756 
46 -1.046377 
47 -0.102989 
48 -0.308963 
49 -0.850079 
50 -1.316046 
51 -1.206425 
52 -0.742872 
53 -0.268609 
54 -0.808083 
55 -0.419100 
56 -0.621622 
57 -0.453764 
58 -0.637353 
59 -0.937820 
60 -0.424625 
61 -0.509105 
62 -0.942258 
63 -0.720566 
64 -0.220038 
65 -0.750704 
66 -1.066342 
67 -0.264628 
68 -0.808275 
69 -0.488904 
70 -0.598478 
71 -0.415846 
72 -0.114693 
73 -0.739978 
74 -1.209602 
75 -0.841169 
76 -0.902505 
77 -0.380589 
78 -0.701440 
79 -0.527250 
80 -0.867801 
81 -0.419174 
82 -1.042082 
83 -0.125297 
84 -0.632740 
85 -0.487698 
86 -1.088367 
87 -0.510139 
88 -1.127726 
89 -0.756483 
90 -0.794774 
91 -1.389632 
92 -1.561723 
93 -0.496145 
94 -0.287041 
95 -0.337840 
96 -0.601223 
97 -0.407127 
98 -0.509544 
99 -0.667155 
100 -1.002117 
101 -0.974911 
102 -0.279252 
103 -0.939971 
104 -1.243371 
105 -0.768914 
106 -0.316414 
107 -0.229118 
108 -0.618064 
109 -1.105540 
110 -0.803533 
111 -0.186458 
112 -0.708724 
113 -1.258912 
114 -0.953357 
115 -0.871173 
116 -0.817874 
117 -0.462439 
118 -0.256990 
119 -1.360587 
120 -1.027354 
121 -1.064548 
122 -0.848541 
123 -0.689249 
124 -1.195203 
125 -0.723268 
126 -0.749636 
127 -0.891049 
128 -0.789362 
129 -0.784260 
130 -0.737733 
131 -0.336404 
132 -0.709451 
133 -0.286942 
134 -1.302992 
135 -0.810741 
136 -0.886500 
137 -0.829304 
138 -0.950052 
139 -0.507345 
140 -0.521351 
141 -1.106063 
142 -0.407602 
143 -0.226187 
144 -0.464005 
145 -1.108640 
146 -1.005409 
147 -1.049762 
148 -0.620021 
149 -0.497671 
150 -0.087838 
151 -0.414536 
152 -0.430049 
153 -0.656856 
154 -0.714650 
155 -0.895579 
156 -0.491821 
157 -0.723720 
158 -1.220847 
159 -1.107113 
160 -0.668930 
161 -0.982032 
162 -0.444559 
163 -0.461774 
164 -0.829062 
165 -0.832608 
166 -1.244018 
167 -1.120606 
168 -0.800747 
169 -0.713098 
170 -0.490680 
171 -0.930451 
172 -0.229373 
173 -0.569032 
174 -0.898781 
175 -0.728724 
176 -1.106722 
177 -1.233974 
178 -0.228541 
179 -0.777979 
180 -1.152518 
181 -0.308196 
182 -1.050939 
183 -0.871428 
184 -0.210168 
185 -0.448961 
186 -1.017480 
187 -0.423384 
188 -0.751262 
189 -0.591901 
190 -0.502958 
191 -0.553066 
192 -0.505393 
193 -0.806273 
194 -0.266158 
195 -1.146553 
196 -0.676967 
197 -0.459826 
198 -0.667660 
199 -0.452801 
