0 -1.017450 
1 -0.403769 
2 -1.416873 
3 -0.779077 
4 -0.473744 
5 -0.704044 
6 -0.176211 
7 -0.705163 
8 -0.859368 
9 -0.629938 
10 -0.708955 
11 -0.218007 
12 -0.599133 
13 -0.700505 
14 -0.570977 
15 -0.804597 
16 -0.672130 
17 -0.545342 
18 -0.571792 
19 -0.316174 
20 -0.991515 
21 -0.971895 
22 -0.924918 
23 -0.423786 
24 -0.397564 
25 -0.883776 
26 -0.386781 
27 -0.451150 
28 -1.062613 
29 -0.644708 
30 -0.322899 
31 -0.740154 
32 -0.252645 
33 -0.744155 
34 -0.685617 
35 -0.265338 
36 -0.374725 
37 -0.499219 
38 -0.951678 
39 -0.657764 
40 -0.221862 
41 -0.727862 
42 -0.601817 
43 -0.937211 
44 -0.730418 
45 -0.232145 
46 -0.515838 
47 -0.330143 
48 -1.054777 
49 -0.241620 
50 -0.917340 
51 -0.930081 
52 -0.601609 
53 -0.934195 
54 -1.078019 
55 -1.142301 
56 -0.786897 
57 -0.701721 
58 -0.551005 
59 -0.991500 
60 -0.322756 
61 -0.195144 
62 -1.007022 
63 -0.446034 
64 -1.093218 
65 -0.700166 
66 -0.753285 
67 -0.317638 
68 -1.164509 
69 -1.017030 
70 -0.882568 
71 -1.183654 
72 -0.291569 
73 -0.642518 
74 -0.611816 
75 -0.859138 
76 -1.204126 
77 -1.066426 
78 -1.119853 
79 -1.073033 
80 -0.871733 
81 -0.950207 
82 -0.769264 
83 -1.122792 
84 -0.223415 
85 -0.536414 
86 -0.980535 
87 -0.946975 
88 -0.737368 
89 -0.187515 
90 -0.982930 
91 -0.635381 
92 -0.479503 
93 -0.705601 
94 -0.817803 
95 -0.718683 
96 -0.789601 
97 -0.732049 
98 -0.984966 
99 -1.177516 
100 -0.375117 
101 -0.478378 
102 -0.224447 
103 -0.749658 
104 -0.689697 
105 -0.833151 
106 -0.946304 
107 -1.007080 
108 -1.124166 
109 -0.769059 
110 -0.443312 
111 -0.389540 
112 -1.069760 
113 -1.229065 
114 -0.530317 
115 -1.213041 
116 -0.407267 
117 -0.327640 
118 -0.648900 
119 -0.605529 
120 -0.658918 
121 -0.905937 
122 -0.517434 
123 -0.649656 
124 -0.374468 
125 -0.479548 
126 -0.749476 
127 -0.809420 
128 -1.291277 
129 -0.410794 
130 -1.076687 
131 -0.662543 
132 -0.914199 
133 -0.783511 
134 -0.324534 
135 -0.577254 
136 -1.143218 
137 -1.337053 
138 -0.789778 
139 -0.837215 
140 -0.315964 
141 -0.864237 
142 -0.524741 
143 -0.464747 
144 -0.999274 
145 -0.762011 
146 -0.974953 
147 -0.897135 
148 -0.648788 
149 -0.789586 
150 -0.644830 
151 -0.726242 
152 -0.989392 
153 -1.064045 
154 -0.739795 
155 -0.783122 
156 -0.708794 
157 -0.945771 
158 -1.273731 
159 -1.100864 
160 -0.800276 
161 -1.000589 
162 -0.924102 
163 -0.536246 
164 -0.807680 
165 -0.746775 
166 -0.242479 
167 -0.369875 
168 -0.186613 
169 -0.633500 
170 -0.404759 
171 -1.003204 
172 -0.580127 
173 -1.090754 
174 -0.397026 
175 -1.190976 
176 -0.877645 
177 -0.826788 
178 -0.585051 
179 -1.185100 
180 -1.067733 
181 -0.591824 
182 -0.284651 
183 -0.407065 
184 -0.483745 
185 -0.613325 
186 -0.459936 
187 -0.726687 
188 -0.826395 
189 -0.985422 
190 -0.515952 
191 -0.433326 
192 -1.186334 
193 -0.749969 
194 -0.683289 
195 -0.447917 
196 -0.512749 
197 -0.581378 
198 -0.127334 
199 -0.031888 
