0.100000 -0.680583
0.200000 -0.696203
0.300000 -0.699048
0.400000 -0.698010
0.500000 -0.723206 
0.600000 -0.732560 
0.700000 -0.737558 
0.800000 -0.660087 
0.900000 -0.396552 
1.000000 -0.218187 
1.100000 -0.071469 
1.200000 0.014902 
1.300000 0.011845 
1.400000 0.018999 
1.500000 0.011033 
1.600000 -0.025726 
1.700000 -0.003330 
1.800000 0.029142 
1.900000 0.015779 
2.000000 -0.016258 
2.100000 -0.002809 
2.200000 0.000821 
2.300000 -0.015205 
2.400000 -0.004489 

2.500000 0.019366
2.600000 0.012130
2.700000 -0.010831
2.800000 0.032570
2.900000 0.000516
3.000000 -0.015554
