0 -0.141355 
1 -0.345948 
2 0.105392 
3 -0.021644 
4 -0.225124 
5 0.297301 
6 -0.041867 
7 -0.358551 
8 -0.054746 
9 0.011094 
10 0.467613 
11 -0.266021 
12 0.102300 
13 0.075762 
14 -0.139094 
15 0.191981 
16 0.171492 
17 0.037644 
18 -0.310669 
19 -0.228192 
20 0.126443 
21 -0.160436 
22 -0.070982 
23 -0.067167 
24 -0.442202 
25 0.125876 
26 -0.484576 
27 0.264237 
28 -0.439588 
29 0.118899 
30 -0.255197 
31 0.193257 
32 -0.300936 
33 -0.067850 
34 0.357950 
35 0.066626 
36 -0.367651 
37 0.217535 
38 0.018667 
39 -0.378651 
40 0.022791 
41 0.121573 
42 -0.095337 
43 0.135822 
44 -0.006855 
45 -0.405539 
46 0.110372 
47 -0.257479 
48 0.095340 
49 0.265051 
50 -0.348237 
51 -0.094007 
52 0.024518 
53 0.142546 
54 0.001336 
55 0.094658 
56 0.283511 
57 0.118595 
58 0.272986 
59 -0.289014 
60 0.076125 
61 0.114529 
62 0.029670 
63 -0.119126 
64 0.087044 
65 0.109438 
66 -0.151479 
67 0.063669 
68 0.122431 
69 0.051057 
70 -0.026550 
71 0.168244 
72 -0.016918 
73 0.153828 
74 0.015508 
75 -0.248980 
76 0.080968 
77 -0.497243 
78 0.086762 
79 -0.271495 
80 0.119821 
81 0.259450 
82 -0.054496 
83 0.413936 
84 -0.224509 
85 -0.122664 
86 -0.213341 
87 0.070626 
88 0.158833 
89 0.320101 
90 -0.088475 
91 0.000721 
92 0.202389 
93 -0.413063 
94 0.160973 
95 -0.038396 
96 -0.478690 
97 0.329671 
98 0.108342 
99 -0.076368 
100 0.238121 
101 -0.142376 
102 -0.027096 
103 0.000285 
104 -0.059199 
105 -0.096023 
106 0.195049 
107 0.052260 
108 -0.205927 
109 -0.017831 
110 -0.060351 
111 0.185145 
112 -0.002571 
113 0.212145 
114 -0.095431 
115 -0.192217 
116 0.004621 
117 -0.150732 
118 -0.048781 
119 0.229560 
120 0.127271 
121 0.193232 
122 0.186195 
123 0.065946 
124 0.000384 
125 0.077839 
126 -0.075268 
127 0.031896 
128 -0.211023 
129 -0.223270 
130 0.000819 
131 0.095925 
132 -0.147770 
133 -0.050286 
134 0.134301 
135 0.196370 
136 -0.262862 
137 -0.165403 
138 -0.029428 
139 0.229130 
140 0.094454 
141 -0.055682 
142 -0.269151 
143 0.033894 
144 0.095673 
145 0.254743 
146 0.354325 
147 -0.167261 
148 0.131012 
149 0.152052 
150 0.142852 
151 0.225930 
152 0.130853 
153 -0.153402 
154 0.358373 
155 0.110024 
156 -0.315766 
157 -0.021716 
158 0.081132 
159 -0.192604 
160 -0.079386 
161 0.223986 
162 -0.326047 
163 -0.030884 
164 0.069966 
165 0.288346 
166 -0.115287 
167 0.256724 
168 -0.296567 
169 -0.031036 
170 0.213811 
171 -0.025705 
172 0.053488 
173 0.092586 
174 -0.048929 
175 -0.003735 
176 0.185735 
177 0.068262 
178 -0.107960 
179 -0.416797 
180 0.123285 
181 0.172125 
182 -0.284307 
183 0.064807 
184 -0.284521 
185 0.090343 
186 -0.061198 
187 -0.079564 
188 0.157709 
189 -0.032992 
190 0.076915 
191 0.279872 
192 -0.046825 
193 0.009666 
194 -0.080429 
195 -0.161302 
196 0.430603 
197 -0.193931 
198 -0.128650 
199 0.112606 
