0 -0.251937 
1 -0.040837 
2 -0.096795 
3 0.118264 
4 -0.009812 
5 -0.263871 
6 0.108689 
7 0.315885 
8 0.133352 
9 -0.095978 
10 0.017278 
11 0.019632 
12 0.139018 
13 -0.063347 
14 -0.014076 
15 0.039296 
16 -0.087043 
17 -0.176687 
18 0.216573 
19 0.133784 
20 0.232983 
21 0.190652 
22 -0.249557 
23 0.142501 
24 -0.301206 
25 -0.118503 
26 -0.136699 
27 -0.109028 
28 -0.030763 
29 0.071112 
30 -0.088484 
31 0.040545 
32 0.107544 
33 -0.131759 
34 -0.051804 
35 0.021885 
36 -0.304961 
37 -0.145361 
38 -0.189642 
39 -0.049584 
40 0.179774 
41 0.032065 
42 0.255080 
43 0.132703 
44 0.003344 
45 -0.387233 
46 0.153048 
47 -0.036884 
48 0.141445 
49 -0.169162 
50 -0.180027 
51 0.167301 
52 -0.218351 
53 0.027763 
54 0.110698 
55 0.207145 
56 0.079935 
57 0.041742 
58 -0.014300 
59 -0.114564 
60 -0.224029 
61 -0.126095 
62 0.195352 
63 -0.188345 
64 -0.432892 
65 0.093733 
66 0.373572 
67 0.182384 
68 0.079032 
69 0.061670 
70 0.105264 
71 0.191068 
72 -0.652169 
73 0.071614 
74 0.265103 
75 0.127272 
76 0.068373 
77 -0.072992 
78 -0.162064 
79 0.294859 
80 0.116974 
81 -0.162867 
82 -0.148009 
83 0.182106 
84 0.090959 
85 0.323037 
86 -0.042931 
87 0.006964 
88 -0.106834 
89 0.149231 
90 0.056276 
91 0.384134 
92 0.114710 
93 0.015864 
94 0.152198 
95 0.148556 
96 0.268676 
97 0.193172 
98 0.038937 
99 -0.080759 
100 0.148072 
101 0.153020 
102 0.480849 
103 0.375317 
104 0.104380 
105 -0.056269 
106 -0.192080 
107 -0.111693 
108 -0.314521 
109 0.048410 
110 0.287611 
111 0.270214 
112 0.148831 
113 0.290809 
114 -0.232204 
115 0.132960 
116 0.157746 
117 0.017992 
118 -0.076737 
119 -0.134485 
120 -0.072190 
121 0.310008 
122 0.070130 
123 0.136174 
124 -0.100630 
125 0.213280 
126 0.160825 
127 -0.001324 
128 -0.187377 
129 -0.303715 
130 -0.351753 
131 -0.400093 
132 -0.172527 
133 0.087560 
134 0.259582 
135 -0.158931 
136 0.149129 
137 -0.031682 
138 -0.344133 
139 0.086692 
140 0.049671 
141 0.007311 
142 -0.205075 
143 0.031886 
144 0.049234 
145 -0.480997 
146 -0.088126 
147 0.164883 
148 0.236471 
149 -0.092995 
150 -0.326152 
151 0.210748 
152 -0.003628 
153 0.030811 
154 0.091413 
155 0.103235 
156 -0.076941 
157 -0.300674 
158 -0.079572 
159 -0.444953 
160 0.059295 
161 0.355186 
162 -0.136235 
163 -0.003665 
164 0.122285 
165 -0.029646 
166 0.065124 
167 -0.150084 
168 -0.033146 
169 0.153988 
170 -0.137041 
171 0.138949 
172 0.193180 
173 -0.193835 
174 0.135012 
175 0.211521 
176 0.081325 
177 0.187902 
178 0.282764 
179 0.229948 
180 -0.095526 
181 -0.094356 
182 -0.112934 
183 -0.124134 
184 -0.227992 
185 0.030041 
186 -0.139811 
187 0.081662 
188 0.139939 
189 -0.066760 
190 -0.272092 
191 -0.146790 
192 -0.126693 
193 -0.405881 
194 -0.014861 
195 -0.034072 
196 0.005649 
197 0.020643 
198 0.005120 
199 -0.071112 
