0 -0.352296 
1 -0.717467 
2 -0.763595 
3 -0.704244 
4 -0.525530 
5 -1.113693 
6 -0.631314 
7 -0.867824 
8 -1.168628 
9 -0.387135 
10 -0.918502 
11 -0.761556 
12 -0.976939 
13 -0.491897 
14 -1.003274 
15 -1.001687 
16 0.024704 
17 -1.011023 
18 -0.374632 
19 -0.255395 
20 -0.786477 
21 -0.350628 
22 -0.389919 
23 -0.610827 
24 -0.698214 
25 -0.646146 
26 -1.066170 
27 -0.186022 
28 -1.387783 
29 -0.343815 
30 -0.818651 
31 -0.699714 
32 -0.386857 
33 -0.564663 
34 -0.211091 
35 -0.948929 
36 -0.496287 
37 -0.368397 
38 -0.413510 
39 -0.953100 
40 -1.017098 
41 -0.793370 
42 -0.603150 
43 -0.894234 
44 -0.354536 
45 -0.669271 
46 -0.991327 
47 -0.173410 
48 -0.847943 
49 -0.741665 
50 -0.594134 
51 -0.487634 
52 -0.991807 
53 -0.785800 
54 -0.318633 
55 -1.073139 
56 -0.681545 
57 -0.449972 
58 -1.442163 
59 -1.027897 
60 -0.560842 
61 -0.719710 
62 -0.306762 
63 -0.772886 
64 -0.999333 
65 -0.679205 
66 -0.455937 
67 -0.848057 
68 -1.207466 
69 -0.506253 
70 -0.646929 
71 -0.370966 
72 -0.975282 
73 -1.019108 
74 -0.495358 
75 -0.714968 
76 -0.765512 
77 -0.426049 
78 -0.713806 
79 -0.691099 
80 -0.983826 
81 -0.663887 
82 -0.098655 
83 -0.708406 
84 -0.477167 
85 -0.498859 
86 -0.790582 
87 -0.762609 
88 -1.002935 
89 -0.543566 
90 -0.764425 
91 -0.758642 
92 -0.317993 
93 -0.775921 
94 -0.574213 
95 -0.782232 
96 -0.749934 
97 -0.805570 
98 -0.788029 
99 -0.285931 
100 -1.037518 
101 -0.753462 
102 -0.732240 
103 -0.439460 
104 -0.760224 
105 -0.395204 
106 -0.410497 
107 -0.126534 
108 -0.416731 
109 -1.278411 
110 -0.427879 
111 -0.531925 
112 -0.568853 
113 -0.825475 
114 -0.826726 
115 -0.750961 
116 -0.299827 
117 -0.700786 
118 -1.233565 
119 -1.066395 
120 -0.842114 
121 -0.703522 
122 -0.392207 
123 -0.929191 
124 -1.082119 
125 -0.457074 
126 -0.738760 
127 -1.149148 
128 -0.972941 
129 -0.644289 
130 -0.931871 
131 -0.541785 
132 -0.589309 
133 -1.193038 
134 -0.834611 
135 -0.681112 
136 -0.297372 
137 -0.931574 
138 -1.022471 
139 -1.321397 
140 -1.081184 
141 -0.370939 
142 -1.142972 
143 -0.694900 
144 -0.214404 
145 -0.282674 
146 -0.847810 
147 -0.643102 
148 -0.455889 
149 -0.475444 
150 -0.340360 
151 -0.258162 
152 -0.701985 
153 -0.745083 
154 -0.933277 
155 -0.482273 
156 -0.809215 
157 -0.581834 
158 -1.036385 
159 -1.255554 
160 -0.418901 
161 -0.525070 
162 -0.303026 
163 -0.905531 
164 -0.719236 
165 -0.793338 
166 -0.496804 
167 -0.961173 
168 -0.295379 
169 -0.135093 
170 -0.555118 
171 -0.149822 
172 -0.657554 
173 -0.353798 
174 -0.994631 
175 -0.836698 
176 -0.229002 
177 -0.503147 
178 -0.571169 
179 -0.124841 
180 -0.720594 
181 -0.374908 
182 -0.795239 
183 -0.561291 
184 -1.165065 
185 -0.704092 
186 -0.019447 
187 -1.091789 
188 -0.819273 
189 -0.716756 
190 -0.576578 
191 -0.424791 
192 -0.390943 
193 -0.766660 
194 -0.800074 
195 -0.588512 
196 -0.869567 
197 -0.308780 
198 -0.950020 
199 -1.047947 
