0 -0.664273 
1 -0.111082 
2 -0.358183 
3 -0.219866 
4 0.216398 
5 -0.304185 
6 -0.505822 
7 -0.030353 
8 -0.564418 
9 -0.049555 
10 -0.415585 
11 0.016986 
12 -0.596422 
13 -0.687261 
14 -0.897164 
15 -0.458718 
16 -0.434341 
17 -0.099206 
18 -0.101429 
19 -0.181287 
20 -0.196195 
21 -0.150256 
22 -0.332481 
23 -0.658195 
24 -0.329650 
25 -0.006360 
26 -0.213281 
27 -0.123434 
28 -0.555449 
29 -0.324470 
30 -0.281596 
31 -0.395370 
32 -0.347404 
33 -0.334658 
34 -0.134708 
35 -0.482524 
36 -0.304015 
37 -0.231720 
38 -0.461661 
39 -0.093898 
40 -0.380883 
41 -0.393460 
42 -0.211867 
43 -0.735322 
44 -0.476956 
45 -0.595950 
46 -0.090669 
47 -0.208865 
48 -0.479313 
49 -0.058833 
50 -1.017378 
51 -0.289516 
52 -1.124650 
53 -0.375902 
54 -0.151757 
55 -0.378429 
56 -0.659491 
57 -0.303838 
58 -0.228777 
59 -0.465902 
60 -0.778124 
61 -0.724391 
62 -0.209387 
63 -1.060259 
64 -0.171182 
65 -0.736484 
66 -0.120588 
67 -0.147921 
68 -0.323968 
69 -0.205070 
70 -0.340382 
71 -0.149309 
72 -0.326034 
73 -0.417827 
74 -0.744706 
75 -0.249720 
76 -0.229925 
77 -0.554247 
78 0.047685 
79 -0.755696 
80 -0.734745 
81 -0.162526 
82 -1.088806 
83 -0.501689 
84 -0.078971 
85 -0.448741 
86 -0.485592 
87 -0.586451 
88 -0.347379 
89 -0.522910 
90 -0.419607 
91 -0.355034 
92 -0.145632 
93 -0.446566 
94 -0.450820 
95 -0.241134 
96 -0.226049 
97 -0.493751 
98 -0.193908 
99 -0.472684 
100 0.032199 
101 -0.127532 
102 0.017448 
103 -0.188692 
104 -0.456983 
105 -0.285911 
106 -0.197845 
107 -0.583378 
108 -0.483088 
109 -0.760595 
110 -0.124067 
111 -0.332870 
112 -0.191287 
113 -0.583230 
114 -0.353620 
115 -0.541188 
116 -0.166228 
117 -0.427228 
118 -0.481978 
119 -0.782763 
120 -0.636157 
121 -0.253639 
122 -0.499373 
123 -0.466672 
124 -0.330699 
125 -0.589577 
126 -0.304107 
127 -0.365294 
128 -0.415213 
129 -0.663894 
130 -0.542235 
131 -0.954700 
132 -0.537167 
133 -0.247349 
134 -0.177979 
135 -0.148890 
136 -0.515758 
137 -0.607128 
138 -0.630396 
139 0.026099 
140 -0.290590 
141 0.086617 
142 -0.347110 
143 -0.723677 
144 -0.461236 
145 -0.215022 
146 -0.138240 
147 -0.579756 
148 -0.040709 
149 -0.125654 
150 -0.448775 
151 -0.414150 
152 -0.551622 
153 -0.787529 
154 -0.711306 
155 -0.182784 
156 -0.236529 
157 -0.527959 
158 -0.679291 
159 -0.385934 
160 -0.290585 
161 -0.728056 
162 -0.286417 
163 -0.352628 
164 -0.457697 
165 -0.650967 
166 -0.484790 
167 -0.026799 
168 -0.185132 
169 -0.397476 
170 -0.630852 
171 -0.278339 
172 -0.405676 
173 -1.008064 
174 -0.553527 
175 0.006799 
176 -0.371661 
177 -0.446593 
178 -0.286839 
179 -0.492237 
180 -0.473968 
181 -0.657456 
182 -0.616897 
183 -0.197375 
184 -0.160666 
185 -0.000669 
186 -0.252680 
187 -0.439466 
188 -0.280032 
189 -0.412229 
190 -0.097500 
191 -0.241659 
192 -0.995429 
193 -0.478000 
194 -0.998345 
195 -0.845640 
196 -0.021148 
197 -0.482343 
198 -0.582412 
199 -0.469879 
