0 0.176326 
1 -0.014002 
2 -0.161318 
3 0.178737 
4 -0.168653 
5 -0.092705 
6 0.044121 
7 0.030826 
8 -0.516501 
9 -0.137932 
10 0.265110 
11 0.070199 
12 -0.288038 
13 -0.164597 
14 0.005971 
15 -0.078436 
16 -0.338499 
17 0.122356 
18 -0.157624 
19 -0.521249 
20 0.079854 
21 -0.064259 
22 -0.120388 
23 -0.241466 
24 -0.077543 
25 -0.341877 
26 0.212588 
27 0.239198 
28 0.155532 
29 -0.230546 
30 0.278228 
31 0.312460 
32 0.051670 
33 -0.012176 
34 0.008094 
35 0.320121 
36 -0.314147 
37 -0.109424 
38 -0.216535 
39 0.095531 
40 0.468763 
41 -0.238583 
42 -0.129244 
43 0.100981 
44 -0.015010 
45 0.011799 
46 0.222893 
47 0.153188 
48 -0.090911 
49 -0.137962 
50 0.030986 
51 -0.231073 
52 0.148128 
53 -0.139859 
54 -0.043755 
55 0.017077 
56 -0.126268 
57 -0.030762 
58 0.000038 
59 -0.068136 
60 0.408284 
61 -0.374606 
62 0.074350 
63 0.110519 
64 -0.176500 
65 0.154039 
66 -0.097151 
67 -0.040622 
68 -0.142432 
69 -0.074412 
70 -0.178754 
71 -0.045249 
72 -0.326790 
73 -0.232815 
74 0.244274 
75 -0.346113 
76 0.038908 
77 -0.579208 
78 -0.329616 
79 0.077900 
80 -0.064527 
81 -0.069087 
82 0.140664 
83 -0.067510 
84 -0.123324 
85 -0.097466 
86 0.164000 
87 0.037276 
88 -0.013103 
89 0.075506 
90 -0.046259 
91 -0.121156 
92 0.254201 
93 -0.012655 
94 -0.598526 
95 -0.150342 
96 -0.176025 
97 -0.575877 
98 0.211897 
99 -0.172231 
100 -0.436637 
101 -0.081429 
102 -0.202435 
103 -0.004083 
104 0.092340 
105 -0.437943 
106 -0.292687 
107 0.186238 
108 -0.139224 
109 0.097786 
110 0.360869 
111 -0.021347 
112 0.323641 
113 -0.119230 
114 -0.228124 
115 0.092985 
116 -0.088650 
117 0.115469 
118 0.036281 
119 0.059811 
120 0.244903 
121 -0.109699 
122 -0.228251 
123 0.188712 
124 0.125418 
125 -0.288976 
126 -0.152300 
127 0.135492 
128 -0.511686 
129 0.195389 
130 -0.286777 
131 0.095939 
132 0.044228 
133 0.212557 
134 -0.165261 
135 0.322161 
136 -0.032530 
137 -0.240531 
138 -0.186214 
139 -0.041018 
140 0.092733 
141 -0.143182 
142 0.078545 
143 0.142612 
144 -0.178166 
145 -0.033042 
146 -0.240711 
147 0.012280 
148 0.007107 
149 0.154161 
150 -0.133941 
151 -0.013870 
152 -0.295663 
153 -0.188440 
154 0.020153 
155 -0.232818 
156 -0.102424 
157 -0.102939 
158 -0.450886 
159 -0.237666 
160 -0.076015 
161 -0.134081 
162 -0.333365 
163 0.188149 
164 0.037058 
165 0.406599 
166 -0.168285 
167 0.028636 
168 -0.379780 
169 0.172151 
170 0.101202 
171 -0.099236 
172 -0.053582 
173 -0.187438 
174 0.178597 
175 -0.046431 
176 -0.146995 
177 0.210068 
178 -0.075025 
179 -0.221595 
180 -0.073611 
181 -0.099529 
182 -0.111402 
183 -0.186357 
184 -0.150736 
185 -0.558505 
186 0.106178 
187 0.424454 
188 -0.335894 
189 -0.098616 
190 0.124808 
191 -0.012517 
192 0.313984 
193 -0.174524 
194 -0.146039 
195 -0.128463 
196 -0.120939 
197 -0.220483 
198 -0.170735 
199 0.119236 
