0.100000 -0.724756
0.200000 -0.702069
0.300000 -0.737420
0.400000 -0.684606
0.500000 -0.693137
0.600000 -0.695452
0.700000 -0.743416
0.800000 -0.673668
0.900000 -0.621437
1.000000 -0.514098
1.100000 -0.379651
1.200000 -0.264306
1.300000 -0.153106
1.400000 -0.085675
1.500000 -0.040190
1.600000 -0.021985
1.700000 0.005053
1.800000 -0.005888
1.900000 -0.021195
2.000000 -0.021652
2.100000 -0.011387
2.200000 -0.011554
2.300000 -0.015974
2.400000 -0.011847
2.500000 -0.005958
2.600000 -0.014292
2.700000 0.014632
2.800000 0.031629
2.900000 0.012457
3.000000 -0.007353
