0 -0.353355 
1 -0.307217 
2 -0.872408 
3 -0.889584 
4 -0.874130 
5 -0.655849 
6 -0.607561 
7 -0.621567 
8 -0.727596 
9 -1.156216 
10 -0.605154 
11 -0.433498 
12 -0.589298 
13 -0.742442 
14 -0.933602 
15 -0.559568 
16 -0.822626 
17 -1.230097 
18 -0.839851 
19 -0.278355 
20 -0.786323 
21 -0.660885 
22 -0.461560 
23 -0.810855 
24 -0.608441 
25 -0.348547 
26 -0.625772 
27 -0.482111 
28 -0.497966 
29 -0.065730 
30 -0.445808 
31 -0.462196 
32 -0.837546 
33 -0.456798 
34 -0.267214 
35 -1.087290 
36 -0.420770 
37 -0.440735 
38 -0.485089 
39 -0.192119 
40 -0.667759 
41 -0.824296 
42 -0.398020 
43 -0.428182 
44 -1.008300 
45 -0.243945 
46 -0.716182 
47 -0.712744 
48 -0.696658 
49 -0.735765 
50 -0.248858 
51 -0.582248 
52 -0.474034 
53 -0.526924 
54 -0.503035 
55 -0.683140 
56 -0.548481 
57 -0.514523 
58 -0.727109 
59 -0.552220 
60 -0.561472 
61 -0.537157 
62 -0.442855 
63 -0.379246 
64 -0.228451 
65 -0.288662 
66 -0.464250 
67 -0.623775 
68 -0.799863 
69 -0.103006 
70 -0.391541 
71 -0.741382 
72 -0.467607 
73 -0.402409 
74 -0.848499 
75 -1.046184 
76 -0.847104 
77 -1.160271 
78 -0.422719 
79 -0.440085 
80 -0.658456 
81 -0.620310 
82 -1.317299 
83 -0.376511 
84 -0.454368 
85 -0.404438 
86 -0.899580 
87 -0.744317 
88 -0.439605 
89 -0.893621 
90 -0.374811 
91 -0.353036 
92 -0.880285 
93 -0.333620 
94 -0.553974 
95 -1.116756 
96 -0.443697 
97 -0.716166 
98 -0.863155 
99 -0.604186 
100 -0.899306 
101 -0.452946 
102 -0.848621 
103 -0.205816 
104 -0.694677 
105 -0.475285 
106 -0.509282 
107 -0.836074 
108 -0.627707 
109 -0.908273 
110 -0.551423 
111 -0.614517 
112 -0.554107 
113 -0.775832 
114 -0.399695 
115 -0.782820 
116 -0.569425 
117 -0.951734 
118 -1.005481 
119 -0.888545 
120 -0.853196 
121 -0.662595 
122 -0.625897 
123 -0.542398 
124 -0.488419 
125 -1.288509 
126 -0.564121 
127 -0.991935 
128 -0.903217 
129 -0.244469 
130 -0.691021 
131 -1.037143 
132 -0.937297 
133 -0.687227 
134 -0.947043 
135 -1.032170 
136 -0.580407 
137 -0.784371 
138 -0.922970 
139 -0.662950 
140 -0.684235 
141 -0.471365 
142 -0.713837 
143 -1.047494 
144 -0.514458 
145 -1.094396 
146 -0.333064 
147 -0.577061 
148 -0.682786 
149 -0.623335 
150 -0.602009 
151 -0.252498 
152 -0.391198 
153 -0.588506 
154 -0.741631 
155 -0.752770 
156 -0.641206 
157 -0.793869 
158 -0.866841 
159 -0.571744 
160 -0.633045 
161 -0.611519 
162 -0.898055 
163 -0.933517 
164 -0.292433 
165 -0.140357 
166 -0.313239 
167 -0.746588 
168 -0.994042 
169 -0.349667 
170 -0.661404 
171 -1.189670 
172 -0.405261 
173 -0.408062 
174 -1.188666 
175 -0.489604 
176 -0.786770 
177 -0.296738 
178 -1.071199 
179 -0.792200 
180 -0.630676 
181 -0.764738 
182 -0.691593 
183 -1.234444 
184 -0.493081 
185 -0.327421 
186 -0.883672 
187 -0.273676 
188 -0.607766 
189 -0.705555 
190 -0.423724 
191 -0.854364 
192 -0.330773 
193 -0.336311 
194 -0.486225 
195 -0.128029 
196 -1.171856 
197 -0.404899 
198 -0.499133 
199 -0.419365 
