0 -0.220078 
1 0.073979 
2 -0.176639 
3 -0.174728 
4 -0.152389 
5 0.081000 
6 -0.243532 
7 0.217395 
8 0.327875 
9 -0.279032 
10 0.007776 
11 -0.039126 
12 -0.062315 
13 0.032547 
14 -0.020950 
15 -0.178505 
16 0.075887 
17 0.180130 
18 0.063160 
19 0.220104 
20 0.239309 
21 -0.087065 
22 0.037622 
23 0.065001 
24 0.114238 
25 -0.054532 
26 0.051934 
27 0.051559 
28 -0.003886 
29 -0.038350 
30 0.029008 
31 -0.184576 
32 -0.246959 
33 0.432211 
34 0.296215 
35 -0.317287 
36 -0.009450 
37 0.318905 
38 -0.045896 
39 -0.037735 
40 -0.110572 
41 0.181090 
42 0.007795 
43 -0.123648 
44 0.091317 
45 0.146706 
46 -0.117893 
47 0.465809 
48 -0.088217 
49 0.059654 
50 -0.282326 
51 -0.093111 
52 0.024993 
53 -0.077067 
54 -0.279833 
55 0.112220 
56 -0.162809 
57 0.044433 
58 -0.148098 
59 0.367042 
60 -0.020817 
61 -0.049379 
62 -0.029787 
63 0.140671 
64 -0.187324 
65 -0.008851 
66 0.014364 
67 -0.005392 
68 0.322602 
69 -0.135990 
70 -0.428840 
71 0.152681 
72 -0.218196 
73 0.154615 
74 -0.224489 
75 -0.160924 
76 -0.339218 
77 0.325505 
78 -0.064041 
79 0.373605 
80 0.055955 
81 0.136619 
82 0.019718 
83 0.105438 
84 -0.026558 
85 -0.336212 
86 -0.157097 
87 0.022403 
88 -0.049273 
89 -0.072671 
90 -0.489592 
91 -0.071034 
92 0.051426 
93 0.318522 
94 0.019543 
95 -0.272521 
96 -0.185029 
97 -0.383251 
98 0.497793 
99 -0.049256 
100 0.256148 
101 -0.055912 
102 -0.038370 
103 -0.097735 
104 0.276657 
105 0.200189 
106 0.076104 
107 -0.051019 
108 0.385436 
109 0.087603 
110 0.137045 
111 0.044293 
112 0.221445 
113 -0.054235 
114 -0.108019 
115 -0.022291 
116 0.067800 
117 0.048593 
118 -0.090944 
119 -0.162648 
120 -0.134400 
121 -0.083508 
122 -0.081805 
123 0.265922 
124 0.097871 
125 0.165730 
126 -0.169857 
127 0.197033 
128 0.042892 
129 0.044434 
130 0.008786 
131 0.385294 
132 0.162462 
133 0.121097 
134 0.058733 
135 -0.153687 
136 -0.019246 
137 0.045652 
138 -0.005353 
139 -0.285794 
140 0.109070 
141 0.030978 
142 -0.056217 
143 0.121100 
144 -0.168532 
145 0.081761 
146 0.093639 
147 -0.428957 
148 -0.150442 
149 0.058736 
150 -0.206126 
151 -0.075571 
152 -0.153686 
153 0.132106 
154 0.152584 
155 -0.088662 
156 0.144568 
157 -0.080672 
158 -0.224157 
159 -0.000325 
160 0.070251 
161 -0.216349 
162 0.227796 
163 0.023351 
164 0.316481 
165 0.055262 
166 -0.102166 
167 -0.421598 
168 -0.129071 
169 0.427444 
170 -0.007322 
171 -0.171073 
172 -0.101844 
173 0.051619 
174 0.108066 
175 -0.064488 
176 -0.037520 
177 -0.523690 
178 0.231172 
179 0.117144 
180 -0.238337 
181 0.090443 
182 -0.379978 
183 -0.123210 
184 -0.092145 
185 0.320763 
186 -0.283299 
187 -0.044559 
188 0.118384 
189 0.065057 
190 0.288746 
191 0.149159 
192 -0.003669 
193 -0.090311 
194 -0.128433 
195 0.075998 
196 0.381583 
197 0.248134 
198 -0.262486 
199 0.111703 
