0 -0.530018 
1 -0.707064 
2 -0.368621 
3 -1.193543 
4 -0.624573 
5 -0.695157 
6 -0.330880 
7 -0.302436 
8 -0.933736 
9 -0.939353 
10 -0.993282 
11 -0.422386 
12 -0.782433 
13 -0.321838 
14 -0.613501 
15 -0.935502 
16 -0.277734 
17 -0.686382 
18 -0.617936 
19 -0.526386 
20 -0.432829 
21 -1.149691 
22 -0.149044 
23 -0.726726 
24 -0.468429 
25 -0.546265 
26 -0.933251 
27 -0.528931 
28 -0.703313 
29 -0.959029 
30 -0.889503 
31 -0.836952 
32 -0.911494 
33 -0.666969 
34 -0.466763 
35 -0.518952 
36 -0.459695 
37 -0.998364 
38 -0.903216 
39 -0.391250 
40 -0.428594 
41 -0.583458 
42 -0.505818 
43 -0.430935 
44 -0.213743 
45 -0.679316 
46 -0.112741 
47 -0.836599 
48 -0.726477 
49 -0.396531 
50 -1.159654 
51 -0.645961 
52 -0.968853 
53 -1.154163 
54 -0.969505 
55 -1.031984 
56 -0.883726 
57 -0.342834 
58 -0.801711 
59 -0.439719 
60 -0.574410 
61 -1.091283 
62 -1.069019 
63 -0.679987 
64 -0.497314 
65 -0.501334 
66 -0.301198 
67 -0.299026 
68 -0.454580 
69 -0.566438 
70 -0.940883 
71 -0.912165 
72 -0.723039 
73 -0.999008 
74 -0.920968 
75 -0.959593 
76 -0.376341 
77 -0.603187 
78 -1.059976 
79 -0.592890 
80 -0.401635 
81 -1.054048 
82 -0.926515 
83 -0.587971 
84 -0.092591 
85 -0.469750 
86 -0.690695 
87 -0.707950 
88 -0.393755 
89 -0.098181 
90 -0.116614 
91 -0.881000 
92 -1.320386 
93 -0.320183 
94 -0.358177 
95 -0.573242 
96 -0.723404 
97 -0.979599 
98 -1.226715 
99 -0.212304 
100 -0.605778 
101 -0.952778 
102 -0.467201 
103 -0.468732 
104 -0.663223 
105 -0.374470 
106 -1.028643 
107 -0.389608 
108 -0.312073 
109 -0.725310 
110 -1.292948 
111 -0.825857 
112 -1.086183 
113 -0.039508 
114 -0.538012 
115 -1.042106 
116 -0.467662 
117 -0.825023 
118 -0.426995 
119 -0.231589 
120 -0.261671 
121 -1.107000 
122 -0.604927 
123 -0.759499 
124 -0.633997 
125 -0.510268 
126 -0.988463 
127 -0.661764 
128 -0.551693 
129 -0.677113 
130 -1.216016 
131 -0.756574 
132 -0.966942 
133 -0.386633 
134 -0.706185 
135 -0.937137 
136 -1.147402 
137 -0.268675 
138 -0.709194 
139 -0.456128 
140 -0.941639 
141 -1.118518 
142 -0.668736 
143 -0.752830 
144 -1.073443 
145 -0.299911 
146 -0.045946 
147 -0.976786 
148 -0.889851 
149 -0.568799 
150 -0.790600 
151 -0.366032 
152 -0.685247 
153 -0.633343 
154 -0.669985 
155 -0.855971 
156 -0.562891 
157 -0.757113 
158 -0.433770 
159 -0.631122 
160 -0.359767 
161 -0.892816 
162 -0.804669 
163 -0.807954 
164 -0.703281 
165 -0.537587 
166 -1.317192 
167 -0.673818 
168 -0.143424 
169 -0.647035 
170 -0.546618 
171 -0.604352 
172 -1.466084 
173 -0.880783 
174 -0.675720 
175 -0.459904 
176 -0.704483 
177 -0.760403 
178 -0.090418 
179 -0.177804 
180 -1.138030 
181 -0.811569 
182 -0.911414 
183 -1.233039 
184 -0.907607 
185 -0.522627 
186 -0.476389 
187 -1.012829 
188 -0.201302 
189 -0.249631 
190 -0.133197 
191 -1.219011 
192 -1.265720 
193 -1.356027 
194 -0.906787 
195 -0.383753 
196 -0.456798 
197 -0.620786 
198 -0.587845 
199 -0.794609 
