0 -0.394732 
1 0.080976 
2 -0.321070 
3 -0.054314 
4 -0.935545 
5 -0.131954 
6 -0.456501 
7 -0.544212 
8 -0.350657 
9 -0.076711 
10 -0.324525 
11 -0.245703 
12 0.002838 
13 0.001559 
14 -0.249266 
15 -0.284419 
16 -0.362239 
17 -0.370757 
18 -0.529109 
19 -0.435541 
20 -0.985453 
21 -0.408824 
22 -0.232849 
23 -0.256457 
24 -0.480692 
25 -0.445807 
26 -0.416687 
27 0.173292 
28 -0.232866 
29 -0.506798 
30 -0.361002 
31 -0.524362 
32 -0.003965 
33 0.009413 
34 -0.286878 
35 -0.323678 
36 -0.499716 
37 -0.540101 
38 0.134656 
39 -0.017739 
40 -0.289735 
41 -0.258561 
42 0.128109 
43 0.027988 
44 0.114834 
45 -0.078101 
46 -0.147696 
47 -0.114874 
48 -0.165016 
49 -0.206041 
50 -0.594221 
51 -0.425594 
52 -0.147372 
53 -0.285296 
54 -0.300806 
55 -0.431739 
56 -0.464172 
57 -0.439026 
58 -0.034148 
59 0.059713 
60 -0.125206 
61 -0.206177 
62 -0.105184 
63 -0.171142 
64 -0.047424 
65 -0.003344 
66 0.138460 
67 -0.082366 
68 -0.356402 
69 -0.326771 
70 -0.513528 
71 -0.382330 
72 -0.914329 
73 -0.281252 
74 -0.083422 
75 -0.345574 
76 0.205171 
77 -0.067065 
78 0.251687 
79 -0.163900 
80 -0.277755 
81 0.136436 
82 -0.205427 
83 -0.133597 
84 -0.395674 
85 -0.307029 
86 -0.230587 
87 -0.272174 
88 -0.172774 
89 0.184255 
90 -0.290104 
91 -0.362964 
92 -0.072798 
93 -0.427164 
94 -0.179759 
95 -0.614632 
96 -0.469378 
97 -0.684327 
98 -0.166278 
99 -0.489515 
100 -0.115028 
101 -0.491610 
102 -0.139138 
103 -0.577913 
104 -0.195328 
105 -0.682935 
106 -0.209703 
107 -0.373817 
108 -0.033661 
109 -0.524425 
110 -0.450408 
111 0.085511 
112 -0.391291 
113 0.288400 
114 -0.274156 
115 -0.533682 
116 -0.175811 
117 -0.418940 
118 -0.087614 
119 -0.143552 
120 -0.499542 
121 -0.272605 
122 -0.169813 
123 -0.032685 
124 -0.012448 
125 -0.387276 
126 -0.792327 
127 -0.467565 
128 -0.372760 
129 -0.781593 
130 -0.268557 
131 -0.192535 
132 -0.101788 
133 -0.476986 
134 -0.012896 
135 -0.539088 
136 -1.054781 
137 -0.161444 
138 -0.400311 
139 0.000405 
140 -0.159778 
141 -0.323713 
142 0.150801 
143 -0.135570 
144 -0.115265 
145 0.068568 
146 -0.169065 
147 -0.153515 
148 -0.252752 
149 -0.159465 
150 -0.201722 
151 -0.485716 
152 -0.277314 
153 -0.249691 
154 0.011461 
155 -0.071276 
156 0.120831 
157 -0.049152 
158 -0.260132 
159 0.036038 
160 -0.290763 
161 -0.160690 
162 -0.202278 
163 -0.320759 
164 -0.489574 
165 -0.444885 
166 -0.712398 
167 -0.671706 
168 -0.067247 
169 -0.230691 
170 -0.426170 
171 -0.039045 
172 -0.346566 
173 -0.740031 
174 -0.172588 
175 -0.224804 
176 -0.049408 
177 -0.438324 
178 -0.199583 
179 -0.082644 
180 -0.613499 
181 -0.161272 
182 -0.159955 
183 -0.080722 
184 -0.711955 
185 -0.002831 
186 -0.194925 
187 -0.608612 
188 -0.424043 
189 -0.434925 
190 -0.394602 
191 0.106969 
192 -0.346466 
193 -0.277892 
194 -0.199777 
195 -0.116713 
196 -0.412080 
197 -0.159640 
198 -0.823183 
199 -0.165370 
