0 -0.521501 
1 -0.262333 
2 -0.185029 
3 -0.969896 
4 -0.878219 
5 -0.183295 
6 -0.233754 
7 -0.208220 
8 -0.849407 
9 -0.258871 
10 -0.448997 
11 -0.313827 
12 -0.240322 
13 -0.098740 
14 -0.385992 
15 -0.028816 
16 -0.234672 
17 -0.613373 
18 -0.510546 
19 -0.412924 
20 -0.827317 
21 -0.638462 
22 -0.684195 
23 -0.530321 
24 -0.706165 
25 -0.231585 
26 -0.367291 
27 -0.073960 
28 -0.110469 
29 -0.313307 
30 -0.587739 
31 -0.073945 
32 -0.386102 
33 -0.561128 
34 -0.581897 
35 -0.599971 
36 -0.213451 
37 -0.658939 
38 -0.009646 
39 -0.122332 
40 -0.477537 
41 -0.001397 
42 -0.203387 
43 -0.271402 
44 -0.725867 
45 -0.614387 
46 -0.610467 
47 -0.610920 
48 -0.441509 
49 -0.244134 
50 0.166527 
51 -0.550514 
52 -0.700672 
53 -0.572972 
54 -0.245719 
55 -0.137248 
56 -0.648983 
57 -0.461841 
58 -0.144982 
59 -0.814177 
60 -0.807401 
61 -0.695625 
62 -0.711143 
63 -0.261658 
64 -0.640045 
65 -0.252194 
66 -0.009035 
67 -0.297490 
68 -0.193499 
69 -0.662956 
70 -0.441724 
71 -0.135608 
72 0.109032 
73 0.200058 
74 -0.791398 
75 -0.279453 
76 -0.255165 
77 -0.184535 
78 -0.035531 
79 -0.394190 
80 -0.301214 
81 -0.536377 
82 -0.286215 
83 -0.292445 
84 -0.190395 
85 -0.277722 
86 -0.865065 
87 -0.472276 
88 -0.297191 
89 -0.918159 
90 -0.213481 
91 -0.578897 
92 -0.121133 
93 -0.303504 
94 -0.389199 
95 -0.534393 
96 -0.473161 
97 -0.513194 
98 -0.445397 
99 -0.394055 
100 -0.252481 
101 -0.669901 
102 -0.501074 
103 -0.377845 
104 -0.135782 
105 -0.414365 
106 -0.533068 
107 -0.220699 
108 -0.355055 
109 -0.236536 
110 -0.622708 
111 -0.537496 
112 -0.105804 
113 -0.018393 
114 -0.605422 
115 -0.454165 
116 -0.214062 
117 -0.982527 
118 -0.354812 
119 -0.304540 
120 -0.484655 
121 0.136806 
122 -0.263714 
123 -0.447927 
124 -0.083166 
125 -0.455819 
126 -0.188857 
127 -0.626826 
128 -0.344892 
129 -0.550095 
130 -0.554148 
131 -0.607287 
132 -0.422142 
133 -0.166477 
134 -0.050217 
135 -0.489649 
136 -0.956183 
137 -0.427051 
138 -0.453763 
139 -0.570643 
140 -0.169721 
141 -0.318255 
142 -0.758811 
143 -0.565876 
144 -0.622781 
145 -0.363930 
146 -0.170572 
147 -0.660471 
148 -0.247763 
149 -0.890680 
150 -0.150718 
151 -0.488274 
152 -0.279730 
153 -0.686503 
154 -0.406404 
155 -0.330253 
156 -0.450370 
157 -0.320543 
158 -0.103353 
159 -0.514322 
160 -1.136310 
161 -0.110623 
162 -0.065597 
163 -0.220569 
164 -0.480330 
165 -0.009581 
166 -0.426454 
167 -0.429364 
168 -0.859439 
169 -0.031014 
170 -0.210816 
171 -0.783231 
172 -0.109829 
173 -0.243407 
174 -0.322746 
175 -0.602546 
176 -0.294286 
177 -0.445511 
178 -0.824654 
179 -0.419904 
180 -0.809517 
181 -0.657984 
182 -0.004950 
183 -0.294249 
184 -0.661338 
185 -0.384644 
186 -0.027499 
187 -0.323591 
188 -0.191369 
189 -0.406618 
190 0.066086 
191 -0.205010 
192 -0.133386 
193 -0.501171 
194 -0.267604 
195 -0.563919 
196 -0.063038 
197 -0.249837 
198 -0.448734 
199 -0.740990 
