0 -0.360732 
1 -0.855961 
2 -0.480269 
3 -0.603924 
4 -1.162261 
5 -0.838811 
6 -0.578532 
7 -1.071652 
8 -0.302373 
9 -0.280859 
10 -0.929885 
11 -0.272696 
12 -0.684174 
13 -0.689197 
14 -0.951835 
15 -0.813990 
16 -0.419133 
17 -0.516331 
18 -0.694710 
19 -0.214200 
20 -0.984595 
21 -0.300467 
22 -0.190376 
23 -0.807885 
24 -0.343424 
25 -0.632483 
26 -0.451271 
27 -0.655739 
28 -0.055671 
29 -0.795241 
30 -0.771445 
31 -0.542782 
32 -0.265293 
33 -0.448180 
34 -0.166483 
35 -0.771676 
36 -1.197412 
37 -0.936918 
38 -0.126925 
39 -0.384241 
40 -0.423726 
41 -0.222091 
42 -0.836123 
43 -0.574287 
44 -0.688620 
45 -0.701839 
46 -0.829036 
47 -1.020412 
48 -0.234189 
49 -0.759266 
50 -0.421866 
51 -0.385185 
52 -0.896303 
53 -0.633910 
54 -0.346788 
55 -0.988043 
56 -0.103894 
57 -0.864279 
58 -0.779518 
59 -0.585104 
60 -0.637232 
61 -0.502815 
62 -0.446649 
63 -0.680167 
64 -0.062996 
65 -0.909237 
66 -0.555930 
67 -0.524568 
68 -0.722179 
69 -1.063715 
70 -0.428415 
71 -0.593104 
72 -0.220691 
73 -0.117971 
74 -0.662788 
75 -0.232099 
76 -0.568878 
77 -0.945776 
78 -1.076150 
79 -0.557867 
80 -1.126841 
81 -0.632827 
82 -0.664622 
83 -0.590499 
84 -1.085935 
85 -1.029662 
86 -0.779401 
87 -0.721644 
88 -0.908620 
89 -1.017137 
90 -0.919908 
91 -0.998210 
92 -0.796841 
93 -0.636342 
94 -0.883534 
95 -0.639801 
96 -0.737090 
97 -0.239783 
98 -0.379580 
99 -0.432577 
100 -0.366648 
101 -0.558536 
102 -1.250436 
103 -0.728797 
104 -0.898561 
105 -0.888810 
106 -0.540335 
107 -0.472867 
108 -0.128792 
109 -0.630131 
110 -1.176501 
111 -0.609068 
112 -0.689065 
113 -0.517796 
114 -0.041224 
115 -0.757228 
116 -0.731247 
117 -1.122331 
118 -0.908740 
119 -0.197311 
120 -0.309218 
121 -0.389175 
122 -0.461794 
123 -0.877898 
124 -0.314875 
125 -0.596106 
126 -0.409522 
127 -0.653543 
128 -0.632670 
129 -0.679648 
130 -0.596638 
131 -0.964713 
132 -0.213819 
133 -0.777480 
134 -0.705826 
135 -0.562024 
136 -0.742657 
137 -0.305014 
138 -0.119717 
139 -0.497876 
140 -0.701731 
141 -0.587236 
142 -1.072162 
143 -1.028575 
144 -0.629673 
145 -0.646256 
146 -0.216195 
147 -0.909729 
148 -0.176849 
149 -0.280753 
150 -0.751602 
151 -0.975560 
152 -0.702606 
153 -0.999241 
154 -0.324559 
155 -0.698687 
156 -1.144561 
157 -0.685684 
158 -0.593262 
159 -0.820320 
160 -0.857990 
161 -1.142279 
162 -0.372499 
163 -0.537774 
164 -0.896145 
165 -0.645905 
166 -0.358332 
167 -0.599357 
168 -0.685981 
169 -0.868697 
170 -0.402721 
171 -0.367341 
172 -0.578712 
173 -0.169261 
174 -1.307493 
175 -0.891754 
176 -0.583190 
177 -0.794874 
178 -0.169025 
179 -0.252978 
180 -0.775299 
181 -0.549504 
182 -0.798086 
183 -0.575968 
184 -0.585880 
185 -0.445039 
186 -0.663010 
187 -0.442306 
188 -0.874079 
189 -0.967136 
190 -0.090311 
191 -0.643233 
192 -0.493591 
193 -0.341551 
194 -0.415496 
195 -0.662647 
196 -1.024908 
197 -1.101765 
198 -1.084085 
199 -0.256894 
