0 -1.099210 
1 -0.665430 
2 -0.941904 
3 -0.665027 
4 -0.844084 
5 -0.425708 
6 -1.055032 
7 -0.643630 
8 -0.857694 
9 -1.023403 
10 -0.813660 
11 -0.837455 
12 -0.274028 
13 -0.947624 
14 -0.253729 
15 -0.768356 
16 -0.686809 
17 -0.878632 
18 -1.414475 
19 -0.553065 
20 -0.687173 
21 -0.841825 
22 -0.991114 
23 -1.328362 
24 -0.667882 
25 -0.297647 
26 -0.959989 
27 -0.407900 
28 -0.939768 
29 -0.617623 
30 -0.965266 
31 -0.308519 
32 -0.721843 
33 -0.351077 
34 -0.460261 
35 -0.762001 
36 -1.010903 
37 -0.505019 
38 -1.282442 
39 -1.234835 
40 -0.751049 
41 -0.506394 
42 -0.417085 
43 -0.736350 
44 -0.446871 
45 -0.176630 
46 -0.539502 
47 -0.889501 
48 -0.714859 
49 -0.594466 
50 -0.430983 
51 -0.473040 
52 -0.943886 
53 -1.004601 
54 -0.158511 
55 -0.670584 
56 -0.838382 
57 -0.547182 
58 -1.393568 
59 -0.543725 
60 -0.504702 
61 -0.363721 
62 -0.543579 
63 -0.715219 
64 -0.377275 
65 -0.471161 
66 -0.308730 
67 -0.491615 
68 -0.730314 
69 -0.863440 
70 -0.288039 
71 -0.339934 
72 -0.218978 
73 -1.094371 
74 -0.962730 
75 -0.257171 
76 -0.568615 
77 -0.573084 
78 -0.797911 
79 -0.259817 
80 -0.440377 
81 -0.636598 
82 -0.419878 
83 -0.827738 
84 -0.824777 
85 -1.185997 
86 -1.154268 
87 -1.347722 
88 -0.486255 
89 -0.355627 
90 0.031991 
91 -0.643684 
92 -0.640603 
93 -0.832248 
94 -0.660035 
95 -0.341880 
96 -0.509370 
97 -0.592118 
98 -0.622730 
99 -0.658375 
100 -0.262473 
101 -0.366136 
102 -0.271456 
103 -0.619060 
104 -0.597670 
105 -0.928743 
106 -0.715087 
107 -0.348023 
108 -0.653515 
109 -0.498569 
110 -0.715033 
111 -0.604474 
112 -0.277036 
113 -0.969960 
114 -0.350478 
115 -0.706577 
116 -0.726525 
117 -0.423666 
118 -0.596007 
119 -0.453111 
120 -0.485455 
121 -0.670424 
122 -0.868224 
123 -0.557950 
124 -0.880678 
125 -0.718495 
126 -0.894821 
127 -1.089250 
128 -1.050791 
129 -0.753214 
130 -1.178454 
131 -1.036107 
132 -1.136372 
133 -0.610331 
134 -0.493605 
135 -0.341909 
136 -1.049928 
137 -0.436433 
138 -0.339758 
139 -0.619840 
140 -0.168209 
141 -0.582962 
142 -0.794368 
143 -0.639848 
144 -0.779328 
145 -1.187167 
146 -0.627258 
147 -0.598347 
148 -0.805293 
149 -0.600827 
150 -0.630866 
151 -0.493683 
152 -0.726687 
153 -0.593155 
154 -0.814065 
155 -0.500004 
156 -0.751206 
157 -1.199766 
158 -0.107052 
159 -1.221537 
160 -1.230637 
161 -0.718979 
162 -0.276554 
163 -0.995752 
164 -1.119629 
165 -0.527701 
166 -0.548681 
167 -0.832908 
168 -0.993854 
169 -0.743821 
170 -0.585449 
171 -0.790152 
172 -0.786524 
173 -0.618530 
174 -0.942460 
175 -1.259832 
176 -0.482132 
177 -1.047941 
178 -0.944639 
179 -0.766542 
180 -0.894996 
181 -0.143179 
182 -0.419514 
183 -0.678439 
184 -0.828010 
185 -0.349667 
186 -1.049657 
187 -0.468424 
188 -0.586556 
189 -0.840742 
190 -0.361991 
191 -0.457329 
192 -0.473420 
193 -0.689236 
194 -0.918392 
195 -0.661486 
196 -0.275035 
197 -1.157462 
198 -0.509466 
199 -0.138969 
