0 -1.067931 
1 -1.009762 
2 -0.889888 
3 -0.231390 
4 -0.869323 
5 -1.280674 
6 -1.073572 
7 -1.329300 
8 -0.518940 
9 -0.673904 
10 -1.133865 
11 -1.029321 
12 -1.195877 
13 -0.844404 
14 -0.428203 
15 -1.194211 
16 -1.144987 
17 -0.921901 
18 -1.226318 
19 -0.329467 
20 -1.222405 
21 -1.126927 
22 -0.519331 
23 -0.836552 
24 -1.238561 
25 -0.789578 
26 -0.736489 
27 -0.722648 
28 -0.881563 
29 -0.187767 
30 -0.738123 
31 -0.665884 
32 -1.159504 
33 -0.542268 
34 -1.208783 
35 -0.645255 
36 -0.640194 
37 -0.916595 
38 -0.712101 
39 -0.932882 
40 -0.303645 
41 -0.736467 
42 -0.669497 
43 -0.987359 
44 -0.788379 
45 -0.687370 
46 -0.767366 
47 -0.728436 
48 -1.066015 
49 -0.844761 
50 -0.578968 
51 -0.318854 
52 -1.156388 
53 -0.605683 
54 -0.657345 
55 -1.089980 
56 -0.500441 
57 -0.587729 
58 -1.215355 
59 -1.026520 
60 -0.905640 
61 -0.548442 
62 -0.911533 
63 -0.704232 
64 -1.083129 
65 -0.892073 
66 -0.597523 
67 -0.770516 
68 -0.742384 
69 -0.520167 
70 -1.198087 
71 -0.382613 
72 -0.465604 
73 -0.818256 
74 -1.063257 
75 -1.050791 
76 -0.538518 
77 -0.501431 
78 -1.592612 
79 -0.600947 
80 -0.588738 
81 -0.886415 
82 -0.895595 
83 -0.961061 
84 -0.653530 
85 -1.206850 
86 -0.671461 
87 -0.308937 
88 -1.042879 
89 -0.702314 
90 -0.911154 
91 -1.325918 
92 -0.549675 
93 -0.502518 
94 -0.640690 
95 -0.626616 
96 -0.945740 
97 -1.138054 
98 -0.893815 
99 -1.334178 
100 -0.733126 
101 -1.017437 
102 -1.049785 
103 -0.197281 
104 -0.857320 
105 -1.194431 
106 -1.076252 
107 -0.552555 
108 -1.730766 
109 -0.304764 
110 -1.269736 
111 -0.924548 
112 -0.757230 
113 -0.546250 
114 -1.037286 
115 -0.607376 
116 -1.099542 
117 -0.762594 
118 -0.761809 
119 -0.540164 
120 -1.310556 
121 -0.360638 
122 -1.135600 
123 -1.311084 
124 -0.490861 
125 -0.416538 
126 -0.511283 
127 -0.616888 
128 -0.847512 
129 -0.848431 
130 -1.008892 
131 -0.673186 
132 -1.266641 
133 -0.405405 
134 -1.454089 
135 -0.991081 
136 -0.881773 
137 -0.947406 
138 -0.891654 
139 -0.954624 
140 -1.021806 
141 -0.973402 
142 -1.118915 
143 -0.934877 
144 -0.781786 
145 -1.184248 
146 -1.101111 
147 -1.174884 
148 -1.195834 
149 -0.821283 
150 -0.663322 
151 -0.663812 
152 -1.189775 
153 -0.491943 
154 -0.434236 
155 -0.908767 
156 -0.440038 
157 -1.172368 
158 -0.885508 
159 -0.431776 
160 -0.970844 
161 -0.754628 
162 -1.249082 
163 -0.833278 
164 -0.928805 
165 -0.863056 
166 -0.532756 
167 -1.081647 
168 -0.214385 
169 -0.736898 
170 -0.461477 
171 -1.251459 
172 -0.627192 
173 -1.051842 
174 -1.010395 
175 -1.131996 
176 -1.377273 
177 -0.778519 
178 -0.527024 
179 -0.869114 
180 -0.436439 
181 -1.126888 
182 -0.941016 
183 -0.166159 
184 -0.426904 
185 -0.532642 
186 -1.327429 
187 -0.899879 
188 -0.916543 
189 -0.347441 
190 -0.683873 
191 -0.554642 
192 -1.022143 
193 -0.262258 
194 -0.769132 
195 -0.488341 
196 -1.191737 
197 -0.456830 
198 -0.663583 
199 -0.375413 
