0.100000 -0.666053
0.200000 -0.695048
0.300000 -0.637311
0.400000 -0.691484
0.500000 -0.684566
0.600000 -0.673737
0.700000 -0.668190
0.800000 -0.642423
0.900000 -0.655190
1.000000 -0.635999
1.100000 -0.677379
1.200000 -0.656973
1.300000 -0.655092
1.400000 -0.657227
1.500000 -0.633812
1.600000 -0.636967
1.700000 -0.623469
1.800000 -0.625291
1.900000 -0.611473
2.000000 -0.572553
2.100000 -0.544703
2.200000 -0.483985
2.300000 -0.444486
2.400000 -0.394350
2.500000 -0.370511
2.600000 -0.359319
2.700000 -0.321837
2.800000 -0.325302
2.900000 -0.249451
3.000000 -0.256242
