0 0.312799 
1 0.099839 
2 0.130681 
3 0.049083 
4 0.070066 
5 0.039963 
6 0.016847 
7 0.080123 
8 0.003294 
9 -0.165704 
10 0.217991 
11 -0.096211 
12 -0.003411 
13 -0.029352 
14 -0.278604 
15 0.100152 
16 -0.358409 
17 0.450065 
18 0.199831 
19 -0.051475 
20 -0.064305 
21 -0.127980 
22 0.098964 
23 0.073508 
24 -0.183867 
25 -0.069583 
26 0.243677 
27 -0.166380 
28 -0.169414 
29 0.028019 
30 0.233372 
31 0.127536 
32 -0.019304 
33 -0.170786 
34 -0.098958 
35 0.164051 
36 0.138321 
37 -0.030649 
38 0.483819 
39 0.550683 
40 -0.045844 
41 0.196731 
42 0.110743 
43 0.126671 
44 -0.040340 
45 -0.144657 
46 -0.140443 
47 -0.089482 
48 0.052433 
49 0.009152 
50 0.200705 
51 -0.019648 
52 0.023196 
53 0.168791 
54 -0.096774 
55 0.109940 
56 0.300678 
57 0.024879 
58 0.213512 
59 0.278339 
60 0.165514 
61 0.094763 
62 0.120936 
63 0.436384 
64 -0.207921 
65 -0.025897 
66 -0.112832 
67 -0.085961 
68 -0.035592 
69 0.181114 
70 0.050188 
71 0.000922 
72 0.279145 
73 0.100715 
74 0.122564 
75 0.127654 
76 -0.125593 
77 -0.053656 
78 0.027004 
79 -0.363725 
80 0.079382 
81 -0.302567 
82 -0.319090 
83 0.140952 
84 -0.182741 
85 0.273020 
86 0.145516 
87 -0.223245 
88 0.105070 
89 0.099462 
90 0.113837 
91 0.112179 
92 0.057987 
93 0.103584 
94 0.083951 
95 0.062438 
96 0.096368 
97 -0.029394 
98 -0.025781 
99 0.032116 
100 -0.176626 
101 -0.209617 
102 0.394965 
103 0.085592 
104 0.315293 
105 0.024964 
106 -0.109404 
107 0.230129 
108 0.001627 
109 0.007866 
110 -0.029619 
111 0.009768 
112 0.187918 
113 -0.343565 
114 0.105602 
115 0.275844 
116 -0.233101 
117 0.006076 
118 -0.142470 
119 0.253620 
120 -0.022731 
121 -0.185330 
122 -0.365930 
123 0.095935 
124 -0.094138 
125 -0.066621 
126 0.139851 
127 0.211652 
128 0.026113 
129 0.204506 
130 0.042390 
131 -0.212803 
132 0.102316 
133 0.001436 
134 -0.526276 
135 0.163158 
136 -0.189375 
137 -0.091894 
138 -0.065399 
139 -0.398573 
140 -0.051055 
141 0.160803 
142 -0.275139 
143 -0.266396 
144 0.112159 
145 -0.237725 
146 0.223440 
147 0.048687 
148 0.263588 
149 0.057680 
150 -0.112657 
151 -0.206066 
152 -0.285634 
153 -0.298859 
154 -0.523228 
155 -0.353278 
156 0.124681 
157 0.203789 
158 -0.126351 
159 0.303326 
160 -0.334757 
161 0.226533 
162 0.214454 
163 -0.285486 
164 0.131859 
165 -0.152621 
166 0.152027 
167 -0.385129 
168 0.233477 
169 0.166774 
170 0.006432 
171 -0.038523 
172 0.065385 
173 -0.727176 
174 0.057288 
175 0.417162 
176 -0.058345 
177 -0.057476 
178 0.341090 
179 -0.523960 
180 -0.274475 
181 -0.068981 
182 0.096143 
183 -0.112498 
184 -0.176712 
185 0.088059 
186 0.006565 
187 0.231025 
188 -0.041259 
189 0.208539 
190 -0.210742 
191 0.018163 
192 0.273720 
193 -0.339790 
194 -0.308138 
195 -0.182891 
196 -0.103493 
197 -0.187181 
198 0.083503 
199 0.145676 
