0 -0.932292 
1 -0.418285 
2 -1.055816 
3 -0.574797 
4 -0.246410 
5 -0.110244 
6 -0.514011 
7 -0.392309 
8 -1.084835 
9 -0.429721 
10 -0.442264 
11 -0.489208 
12 -0.545334 
13 -0.648372 
14 -0.546022 
15 -0.404064 
16 -0.314338 
17 -0.546396 
18 -0.405013 
19 -0.600527 
20 -0.348140 
21 -0.418864 
22 -0.451117 
23 -0.609371 
24 -0.552064 
25 -0.889486 
26 -0.834006 
27 -0.909292 
28 -0.576948 
29 -0.705528 
30 -0.746113 
31 -0.345088 
32 -0.466538 
33 -0.479216 
34 -0.341022 
35 -0.547650 
36 -0.357682 
37 -0.623122 
38 -0.459958 
39 -0.229118 
40 -0.801783 
41 -0.886412 
42 -0.603455 
43 -0.772964 
44 -0.169817 
45 -1.073955 
46 -0.421660 
47 -0.135633 
48 -0.824635 
49 -0.703429 
50 -0.276616 
51 -0.565943 
52 -0.826056 
53 -0.933545 
54 -0.873888 
55 -0.782106 
56 -0.597011 
57 -0.266053 
58 -0.279255 
59 -0.621016 
60 -0.231448 
61 -0.684593 
62 -0.662174 
63 -0.368493 
64 -0.825391 
65 -0.326226 
66 -0.237677 
67 -0.450602 
68 -0.318376 
69 -0.698750 
70 -0.233279 
71 -0.120431 
72 -0.517567 
73 -0.674513 
74 -0.788302 
75 -0.813698 
76 -0.352598 
77 -0.663423 
78 -0.283733 
79 -0.260780 
80 -0.643611 
81 -0.443461 
82 -0.512065 
83 -0.272325 
84 -0.582003 
85 -0.637175 
86 -0.768912 
87 -0.490261 
88 -1.025421 
89 -0.530155 
90 -1.002855 
91 -0.196811 
92 -0.308630 
93 -0.399388 
94 -0.477420 
95 -0.464853 
96 -0.653788 
97 -0.723235 
98 -0.700555 
99 -0.402549 
100 -0.678410 
101 -0.308064 
102 -0.525487 
103 -0.194981 
104 -0.360436 
105 -0.380639 
106 -0.605351 
107 -0.682874 
108 -0.319085 
109 -0.670118 
110 -0.332144 
111 -0.616406 
112 -0.458868 
113 -0.681698 
114 -0.901704 
115 -0.650969 
116 -0.233059 
117 -0.984554 
118 -0.437164 
119 -0.687823 
120 -0.251161 
121 -0.247902 
122 -1.226965 
123 -0.712485 
124 -0.633779 
125 -0.196565 
126 -0.455843 
127 -0.606746 
128 -0.395343 
129 -0.294235 
130 -0.592276 
131 -0.625027 
132 -0.536406 
133 -0.505211 
134 -0.409160 
135 -0.523437 
136 -0.011489 
137 -0.494052 
138 -0.589612 
139 -0.529826 
140 -0.801598 
141 -0.606550 
142 -0.511656 
143 -0.466243 
144 -0.507276 
145 -0.360982 
146 -1.057592 
147 -0.710200 
148 -0.510331 
149 -0.342725 
150 -0.195466 
151 -0.559034 
152 -0.192405 
153 -0.711516 
154 -0.593897 
155 -0.883171 
156 -0.878684 
157 -0.254382 
158 -0.731538 
159 -0.489867 
160 -0.930680 
161 -0.955968 
162 -0.723111 
163 -0.477871 
164 -0.666216 
165 -0.801055 
166 -0.315679 
167 -1.072579 
168 -0.571576 
169 -0.758513 
170 -0.357660 
171 -0.167154 
172 -0.375644 
173 -0.431377 
174 -0.330943 
175 -0.629905 
176 -1.042024 
177 -0.715007 
178 -0.691009 
179 -0.601117 
180 -0.209996 
181 -0.397480 
182 -0.330384 
183 -0.202453 
184 -0.909084 
185 -0.605184 
186 -0.796603 
187 -0.604809 
188 -0.376295 
189 -0.198692 
190 -0.427858 
191 -0.686579 
192 -0.479197 
193 -0.434085 
194 -0.391340 
195 -0.395935 
196 -0.252588 
197 -0.550032 
198 -0.652573 
199 -0.758515 
