0 -0.672598 
1 -0.141798 
2 -0.670181 
3 -0.181889 
4 -0.200113 
5 -0.780772 
6 -0.191661 
7 -0.405424 
8 -0.649073 
9 -0.271712 
10 -0.594906 
11 -0.948253 
12 -0.461844 
13 -0.839735 
14 -0.503796 
15 0.002448 
16 -0.154736 
17 -0.593811 
18 -0.682461 
19 -0.241549 
20 -0.373171 
21 -0.149925 
22 -0.921055 
23 0.112469 
24 -0.470989 
25 -0.304316 
26 -0.790167 
27 -0.533945 
28 -0.399496 
29 -0.640515 
30 -0.407609 
31 -0.461253 
32 -0.124824 
33 -0.175069 
34 -0.445330 
35 -0.380318 
36 -0.503312 
37 -0.352063 
38 -0.736322 
39 -0.321177 
40 -0.267817 
41 -0.472342 
42 -0.570313 
43 -0.229340 
44 -0.224831 
45 -0.293861 
46 -0.432127 
47 -0.621407 
48 0.061540 
49 -0.311595 
50 -0.388336 
51 -0.487116 
52 -0.603719 
53 -0.592813 
54 -0.945784 
55 -0.567331 
56 -0.308618 
57 -0.345073 
58 -0.983237 
59 -0.340643 
60 -0.843035 
61 -0.902265 
62 -0.463758 
63 -0.527951 
64 -0.496220 
65 -0.903900 
66 -0.522135 
67 -0.417553 
68 -0.474546 
69 -1.017248 
70 -0.179776 
71 -0.256821 
72 -0.855353 
73 -0.557963 
74 -0.114904 
75 -0.165018 
76 -0.421855 
77 -0.353528 
78 -0.487897 
79 -0.494120 
80 -0.279646 
81 -0.522421 
82 -0.678364 
83 -0.237033 
84 -0.863080 
85 -0.367573 
86 -0.026208 
87 -0.660092 
88 -0.938953 
89 -0.051585 
90 -0.412310 
91 -0.506813 
92 -0.363699 
93 -0.634417 
94 -0.631903 
95 -0.604426 
96 -0.576614 
97 -0.778334 
98 -0.282320 
99 -0.587624 
100 -0.426990 
101 -0.718462 
102 -0.455479 
103 -1.149937 
104 -0.911735 
105 -0.539535 
106 -0.561660 
107 -0.434351 
108 -0.569716 
109 -0.642604 
110 -0.779119 
111 -0.373001 
112 -0.684385 
113 -0.759617 
114 -0.403429 
115 -0.258022 
116 -0.379599 
117 -0.936412 
118 -0.639391 
119 -0.542783 
120 -0.421212 
121 -0.425259 
122 -0.460447 
123 -0.687441 
124 -0.608359 
125 -0.593630 
126 -0.043889 
127 -0.559945 
128 -0.517546 
129 -0.392064 
130 -0.332045 
131 -0.166585 
132 -0.387379 
133 -0.479934 
134 -0.447554 
135 -0.464901 
136 0.016499 
137 -0.559481 
138 -0.730525 
139 -0.747919 
140 -0.641976 
141 -0.621779 
142 -0.384877 
143 -0.649993 
144 -0.804620 
145 -0.348810 
146 -0.487788 
147 -0.553081 
148 -0.930707 
149 -0.727121 
150 -0.739576 
151 -0.747722 
152 -0.875129 
153 -0.450141 
154 -0.418613 
155 -0.287023 
156 -0.235534 
157 -0.529952 
158 -0.711405 
159 -0.606906 
160 -0.804383 
161 -0.485820 
162 -0.560012 
163 -0.710100 
164 -0.880966 
165 -0.607707 
166 -0.696024 
167 -0.618057 
168 -0.496033 
169 -0.820507 
170 -0.584734 
171 -0.534780 
172 -0.556122 
173 -1.077006 
174 -0.458695 
175 -0.718745 
176 -0.256264 
177 -0.747598 
178 -0.350530 
179 -0.906002 
180 -0.163778 
181 -0.447879 
182 -0.447318 
183 -0.617975 
184 -0.242588 
185 -0.773863 
186 -0.752920 
187 -0.614447 
188 -0.555193 
189 -0.562770 
190 -0.450311 
191 -0.644939 
192 -0.433043 
193 -0.577635 
194 -0.388483 
195 -0.210847 
196 -0.291320 
197 -0.861772 
198 -0.642080 
199 -0.803181 
