0 -0.782037 
1 -0.696544 
2 -0.802624 
3 -0.634671 
4 -0.934409 
5 -1.031926 
6 -0.426605 
7 -0.633396 
8 -0.429035 
9 -0.754821 
10 -0.723758 
11 -0.563595 
12 -0.866263 
13 -0.349173 
14 -0.405520 
15 -0.435570 
16 -0.762978 
17 -0.688487 
18 -0.622767 
19 -0.240196 
20 -0.850907 
21 -0.759656 
22 -0.496404 
23 -0.739747 
24 -0.433556 
25 -0.598233 
26 -0.193554 
27 -0.676253 
28 -0.699908 
29 -1.060363 
30 -0.224891 
31 -0.327711 
32 -0.320353 
33 -0.835659 
34 -0.965713 
35 -0.801514 
36 -0.658434 
37 -1.066856 
38 -0.876997 
39 -0.492559 
40 -0.697777 
41 -0.178147 
42 -0.927902 
43 -0.665122 
44 -0.667408 
45 -0.267748 
46 -0.706220 
47 -0.227488 
48 -0.861071 
49 -0.454561 
50 -0.509573 
51 -0.317322 
52 -0.516063 
53 -0.989829 
54 -0.304332 
55 -0.794437 
56 -0.556376 
57 -0.844003 
58 -0.561269 
59 -0.600142 
60 -0.380599 
61 -0.379022 
62 -0.708505 
63 -0.280282 
64 -0.560499 
65 -0.538947 
66 -0.850271 
67 -0.332356 
68 -0.989225 
69 -0.607767 
70 -0.509471 
71 -1.012865 
72 -0.797929 
73 -0.420368 
74 -0.252469 
75 -0.607811 
76 -0.956887 
77 -0.242753 
78 -0.374826 
79 -0.390248 
80 -0.601957 
81 -0.704559 
82 -0.594334 
83 -0.467713 
84 -0.588468 
85 -0.652704 
86 -0.601745 
87 -0.390008 
88 -0.624350 
89 -0.405396 
90 -0.457060 
91 -0.937634 
92 -0.849581 
93 -0.917260 
94 -0.395918 
95 -0.546169 
96 -1.059014 
97 -0.309980 
98 -0.478746 
99 -0.514680 
100 -0.585730 
101 -0.254233 
102 -0.929534 
103 -0.702317 
104 -0.712530 
105 -0.528663 
106 -0.793926 
107 -1.142754 
108 -0.476956 
109 -0.643904 
110 -1.094000 
111 -0.993803 
112 -0.216175 
113 -0.252672 
114 -0.384387 
115 -0.607120 
116 0.158600 
117 -0.896415 
118 -0.302348 
119 -0.600780 
120 -0.670234 
121 -0.805826 
122 -0.407279 
123 -0.443643 
124 -0.453421 
125 -0.847619 
126 -0.910117 
127 -0.478404 
128 -0.436189 
129 -0.734169 
130 -1.175909 
131 -0.384581 
132 -0.670341 
133 -0.700677 
134 -0.889132 
135 -0.609392 
136 -0.582337 
137 -0.611443 
138 -0.456680 
139 -0.626652 
140 -1.066097 
141 -0.675450 
142 -0.035181 
143 -0.836045 
144 -0.415621 
145 -0.790961 
146 -0.734893 
147 -0.405305 
148 -0.462322 
149 -0.551039 
150 -0.711527 
151 -0.090836 
152 -0.513864 
153 -0.875146 
154 -0.399166 
155 -0.927170 
156 -0.619543 
157 -0.563237 
158 -0.481008 
159 -0.329690 
160 -0.577014 
161 -0.838940 
162 -1.030047 
163 -0.403041 
164 -0.070837 
165 -1.035525 
166 -0.308134 
167 -0.578008 
168 -1.096273 
169 -0.112040 
170 -0.647630 
171 -0.475223 
172 -0.802054 
173 -0.679486 
174 -0.901094 
175 -0.388065 
176 -0.773913 
177 -0.669174 
178 -0.801209 
179 -0.989180 
180 -0.271790 
181 -0.414350 
182 -0.695983 
183 -0.512113 
184 -0.402408 
185 -0.813948 
186 -0.014570 
187 -0.276956 
188 -0.833571 
189 -0.713992 
190 -0.853221 
191 -0.861462 
192 -0.781595 
193 -1.043249 
194 -0.721375 
195 -0.327256 
196 -0.825233 
197 -0.524379 
198 -0.568075 
199 -0.523529 
