0 -0.162849 
1 -0.023513 
2 0.210112 
3 -0.079642 
4 -0.110285 
5 0.065731 
6 -0.101626 
7 0.244165 
8 0.192478 
9 -0.170021 
10 0.198979 
11 0.007354 
12 -0.000505 
13 0.007064 
14 -0.165670 
15 -0.023761 
16 0.392054 
17 -0.025073 
18 -0.198794 
19 0.087105 
20 -0.254812 
21 -0.483795 
22 0.082138 
23 -0.209324 
24 -0.058670 
25 0.054119 
26 0.130997 
27 -0.593973 
28 0.003444 
29 -0.021507 
30 0.009461 
31 -0.034145 
32 -0.124231 
33 0.163265 
34 -0.072571 
35 -0.172917 
36 -0.214729 
37 -0.344867 
38 -0.051208 
39 -0.627881 
40 -0.137157 
41 0.216496 
42 -0.550425 
43 0.006037 
44 -0.373891 
45 -0.029588 
46 -0.349168 
47 0.274661 
48 0.104456 
49 -0.048241 
50 0.074232 
51 0.251340 
52 0.109047 
53 0.147749 
54 -0.105128 
55 0.092829 
56 0.055704 
57 0.000715 
58 -0.108197 
59 0.150457 
60 -0.150552 
61 0.282428 
62 -0.099819 
63 -0.073545 
64 -0.349835 
65 0.140822 
66 -0.277784 
67 -0.138386 
68 -0.149456 
69 -0.108243 
70 -0.165924 
71 -0.141731 
72 -0.024010 
73 -0.030233 
74 0.117974 
75 0.173432 
76 0.119051 
77 0.068935 
78 0.304792 
79 0.140132 
80 0.371533 
81 -0.347785 
82 0.511948 
83 -0.367435 
84 0.406974 
85 -0.056808 
86 -0.247538 
87 -0.330634 
88 -0.257719 
89 -0.093524 
90 0.089973 
91 0.151384 
92 -0.218543 
93 0.230117 
94 0.005215 
95 0.145905 
96 -0.158710 
97 -0.411680 
98 0.262231 
99 -0.055746 
100 -0.128296 
101 0.392876 
102 0.056498 
103 0.099157 
104 0.038679 
105 0.173461 
106 0.054249 
107 -0.360528 
108 -0.085937 
109 -0.122054 
110 -0.051933 
111 0.234046 
112 0.127752 
113 -0.012303 
114 0.068697 
115 0.198048 
116 0.171622 
117 -0.111242 
118 -0.158909 
119 0.041998 
120 0.114076 
121 -0.204288 
122 0.123625 
123 -0.039438 
124 -0.161821 
125 -0.044409 
126 -0.465319 
127 -0.162923 
128 -0.048011 
129 -0.092951 
130 0.223451 
131 -0.210141 
132 -0.463738 
133 0.278934 
134 -0.326083 
135 -0.289977 
136 -0.062501 
137 -0.301728 
138 -0.309524 
139 -0.237686 
140 0.274479 
141 0.048495 
142 0.123097 
143 0.028356 
144 0.123631 
145 -0.003560 
146 0.003560 
147 -0.113663 
148 0.004321 
149 -0.158447 
150 0.067241 
151 -0.185333 
152 0.129189 
153 -0.011004 
154 0.181650 
155 -0.454032 
156 -0.049871 
157 -0.021449 
158 -0.035212 
159 0.080783 
160 0.099627 
161 -0.088465 
162 -0.218217 
163 0.280556 
164 0.163665 
165 -0.354531 
166 0.200219 
167 -0.227508 
168 0.058726 
169 -0.232145 
170 0.190468 
171 -0.175268 
172 0.118341 
173 0.139383 
174 -0.032984 
175 -0.181656 
176 -0.279078 
177 0.145935 
178 0.319226 
179 -0.024183 
180 -0.068101 
181 -0.242344 
182 0.328381 
183 -0.044079 
184 0.002252 
185 -0.236499 
186 0.029914 
187 -0.064986 
188 0.250279 
189 0.132519 
190 0.272699 
191 -0.308780 
192 0.019987 
193 0.005293 
194 -0.029947 
195 0.059976 
196 -0.119705 
197 -0.345524 
198 -0.099233 
199 0.078972 
