0 -0.128313 
1 0.315476 
2 -0.310292 
3 -0.017966 
4 0.271186 
5 0.068306 
6 0.245233 
7 -0.108200 
8 0.184087 
9 -0.014583 
10 0.027245 
11 -0.321604 
12 -0.345599 
13 -0.429049 
14 -0.065054 
15 0.014392 
16 -0.263772 
17 0.216730 
18 -0.096687 
19 0.109336 
20 -0.132573 
21 -0.199274 
22 0.322877 
23 0.602541 
24 0.224996 
25 0.191996 
26 0.134503 
27 -0.367593 
28 -0.029065 
29 0.021845 
30 -0.201859 
31 -0.127235 
32 -0.093674 
33 -0.224790 
34 -0.050169 
35 0.058174 
36 0.075187 
37 0.070023 
38 -0.084509 
39 0.245902 
40 -0.203808 
41 0.165224 
42 0.147324 
43 -0.013822 
44 0.239411 
45 -0.126084 
46 -0.216584 
47 -0.297232 
48 -0.158957 
49 -0.280843 
50 0.368010 
51 -0.289884 
52 0.013588 
53 0.005179 
54 -0.063115 
55 0.069913 
56 -0.021670 
57 -0.029389 
58 0.080164 
59 -0.017811 
60 0.149970 
61 -0.139676 
62 0.163819 
63 -0.028158 
64 0.250750 
65 -0.352111 
66 0.315081 
67 0.081935 
68 0.000328 
69 -0.221115 
70 -0.315144 
71 -0.036704 
72 -0.049172 
73 0.107203 
74 0.148677 
75 -0.184811 
76 0.221990 
77 0.153238 
78 -0.239909 
79 -0.043160 
80 0.225339 
81 -0.175458 
82 -0.335159 
83 -0.145384 
84 -0.039214 
85 -0.146001 
86 -0.041726 
87 0.168978 
88 -0.081673 
89 -0.204477 
90 -0.339806 
91 -0.031087 
92 -0.014272 
93 -0.416225 
94 0.315791 
95 -0.085361 
96 0.085581 
97 0.023403 
98 -0.227915 
99 -0.184020 
100 0.288316 
101 -0.045239 
102 0.269419 
103 -0.012751 
104 -0.128851 
105 0.303467 
106 -0.103107 
107 -0.031685 
108 0.371494 
109 -0.073750 
110 0.199272 
111 -0.016074 
112 0.044865 
113 -0.414558 
114 -0.362198 
115 0.269174 
116 -0.399560 
117 0.092176 
118 -0.394517 
119 -0.249896 
120 -0.239058 
121 0.180919 
122 -0.212698 
123 -0.070930 
124 -0.222167 
125 0.146721 
126 0.115783 
127 0.073633 
128 0.089764 
129 -0.232752 
130 -0.052139 
131 0.227001 
132 -0.069745 
133 0.050127 
134 -0.129588 
135 -0.092821 
136 -0.180264 
137 0.188416 
138 -0.107475 
139 -0.042257 
140 0.156411 
141 0.089328 
142 0.076184 
143 -0.062066 
144 0.209308 
145 -0.054387 
146 0.134584 
147 -0.300332 
148 0.131088 
149 -0.099857 
150 -0.479780 
151 -0.027604 
152 -0.142682 
153 -0.148882 
154 -0.017398 
155 0.203813 
156 -0.063644 
157 -0.069156 
158 0.024420 
159 0.122193 
160 0.259048 
161 0.107549 
162 0.232255 
163 0.379791 
164 -0.235138 
165 -0.145330 
166 -0.063927 
167 -0.364189 
168 0.055150 
169 0.055329 
170 -0.091099 
171 0.089241 
172 -0.126512 
173 0.026194 
174 -0.086137 
175 -0.057587 
176 0.176275 
177 0.098558 
178 0.224493 
179 0.075045 
180 0.242412 
181 0.102033 
182 0.138540 
183 -0.140814 
184 -0.016333 
185 0.140498 
186 0.168011 
187 -0.097458 
188 0.127489 
189 0.052078 
190 -0.105113 
191 -0.438438 
192 0.078309 
193 -0.024276 
194 -0.172856 
195 -0.234809 
196 0.008283 
197 0.091341 
198 0.022544 
199 -0.427020 
