0 -0.353712 
1 -0.622327 
2 -0.533404 
3 -0.158428 
4 -0.379562 
5 -0.451436 
6 -0.572452 
7 -0.400450 
8 -0.086558 
9 -0.547219 
10 -0.358819 
11 -0.536484 
12 -0.640191 
13 -0.634935 
14 -0.356413 
15 -0.315757 
16 0.067885 
17 -0.001997 
18 -0.764342 
19 -0.673782 
20 -0.059272 
21 -0.378192 
22 -0.375729 
23 -0.397437 
24 -0.489335 
25 -0.330077 
26 -0.507970 
27 -0.570655 
28 -0.904765 
29 -0.506111 
30 -0.396398 
31 -0.403064 
32 -0.665160 
33 -0.491211 
34 -0.435963 
35 -0.463915 
36 -0.654198 
37 0.043679 
38 -0.354787 
39 -0.702365 
40 -0.295157 
41 -0.742833 
42 -0.526695 
43 -0.723460 
44 -0.192519 
45 -0.632647 
46 -0.750618 
47 -0.937577 
48 -0.020173 
49 -0.279065 
50 -0.259189 
51 -0.681198 
52 -0.007631 
53 -0.468260 
54 -0.732211 
55 -0.618878 
56 -0.536597 
57 -0.264708 
58 -0.054875 
59 -0.672963 
60 -0.451300 
61 -0.620388 
62 -0.593988 
63 -0.735305 
64 -0.020566 
65 -0.356630 
66 0.114428 
67 -0.527857 
68 -0.156023 
69 -0.265895 
70 -0.543313 
71 -0.502078 
72 -0.453910 
73 -0.392742 
74 -0.250912 
75 -0.393449 
76 -0.628505 
77 -0.434647 
78 -1.000021 
79 -0.632536 
80 -0.302282 
81 -0.171521 
82 -0.337426 
83 -0.583390 
84 -0.016595 
85 -0.317540 
86 -0.565261 
87 -0.608230 
88 -0.594587 
89 -0.327446 
90 0.046291 
91 -0.460795 
92 -0.321426 
93 -0.506882 
94 -0.642834 
95 -0.713839 
96 -0.676676 
97 -0.689138 
98 -0.242855 
99 0.159072 
100 -0.002146 
101 -0.343156 
102 -0.501949 
103 -0.622400 
104 -0.007292 
105 -0.572132 
106 -0.295846 
107 -0.525737 
108 -0.287891 
109 -0.181220 
110 -0.211757 
111 0.000111 
112 -0.588939 
113 -0.262974 
114 -0.232278 
115 -0.315838 
116 -0.041113 
117 -0.586543 
118 -0.578725 
119 -0.556403 
120 -0.188918 
121 -0.526185 
122 -0.602881 
123 -0.427861 
124 -0.311657 
125 -0.826582 
126 -0.785071 
127 -0.342049 
128 -0.424272 
129 -0.485432 
130 -0.427041 
131 -0.510940 
132 -0.293338 
133 -0.391897 
134 -0.549810 
135 -0.614851 
136 -0.331350 
137 -0.217817 
138 -0.386850 
139 -0.883974 
140 -0.426251 
141 -0.825487 
142 -0.670599 
143 -0.355732 
144 -0.261143 
145 -0.135983 
146 -0.480533 
147 -0.258725 
148 -0.237594 
149 -0.235787 
150 -0.348400 
151 -0.692862 
152 -0.197203 
153 -0.547885 
154 -0.642836 
155 -0.081141 
156 -0.188163 
157 -0.485841 
158 -0.133968 
159 -0.419127 
160 -0.085774 
161 -0.647227 
162 -0.192262 
163 -0.510042 
164 -0.325603 
165 -0.640864 
166 -0.300654 
167 -0.097032 
168 -0.234765 
169 -0.349851 
170 -0.549439 
171 -0.651621 
172 -0.304559 
173 -0.951711 
174 0.030284 
175 -0.173511 
176 -0.352793 
177 -0.055379 
178 -0.750681 
179 -0.309181 
180 -0.358182 
181 -0.239670 
182 -0.511886 
183 -0.174712 
184 -0.452772 
185 -0.146278 
186 -0.214140 
187 -0.938595 
188 -0.331865 
189 -0.342095 
190 -0.375449 
191 -0.342089 
192 -0.513447 
193 -0.206256 
194 -0.352401 
195 -0.844396 
196 0.298073 
197 -0.182884 
198 -0.172596 
199 -0.463116 
