0 -0.270808 
1 0.325602 
2 0.116945 
3 0.031309 
4 0.162025 
5 0.028022 
6 0.115038 
7 0.153398 
8 0.151432 
9 -0.081998 
10 -0.053521 
11 -0.019314 
12 -0.173381 
13 0.008165 
14 -0.246005 
15 -0.204174 
16 -0.010893 
17 -0.089974 
18 -0.229394 
19 0.044009 
20 -0.412184 
21 0.471247 
22 -0.001021 
23 -0.028075 
24 -0.099957 
25 0.247120 
26 0.088505 
27 -0.069650 
28 -0.310225 
29 0.199656 
30 -0.009797 
31 0.131485 
32 0.090010 
33 -0.539005 
34 -0.307339 
35 0.036022 
36 -0.260680 
37 0.075968 
38 0.137426 
39 0.235097 
40 -0.124287 
41 0.379422 
42 -0.228151 
43 -0.097253 
44 -0.178509 
45 -0.033215 
46 0.009196 
47 0.084349 
48 0.400083 
49 0.032855 
50 -0.115162 
51 -0.068764 
52 -0.052423 
53 0.042449 
54 0.185904 
55 -0.043472 
56 -0.457527 
57 0.022981 
58 0.002172 
59 -0.253043 
60 0.044879 
61 -0.043624 
62 0.011719 
63 0.146419 
64 -0.080336 
65 -0.052546 
66 0.009926 
67 0.146755 
68 -0.321999 
69 0.062479 
70 -0.174649 
71 -0.089608 
72 -0.006556 
73 -0.400022 
74 -0.087984 
75 0.183284 
76 -0.020933 
77 -0.356248 
78 0.070654 
79 0.194205 
80 0.114906 
81 -0.069821 
82 -0.072606 
83 -0.051448 
84 -0.024433 
85 0.075032 
86 0.023324 
87 0.243417 
88 -0.139878 
89 0.247070 
90 -0.130807 
91 -0.082450 
92 -0.053477 
93 -0.020731 
94 -0.159836 
95 0.127536 
96 -0.011621 
97 0.110196 
98 -0.079287 
99 0.196359 
100 0.003596 
101 0.366816 
102 -0.327392 
103 -0.125109 
104 -0.155568 
105 0.087397 
106 0.329526 
107 0.085463 
108 0.027075 
109 0.016783 
110 -0.185128 
111 -0.291192 
112 -0.079003 
113 0.071896 
114 -0.118139 
115 -0.009847 
116 0.179087 
117 -0.264535 
118 -0.014459 
119 0.026999 
120 -0.077350 
121 -0.334245 
122 -0.074634 
123 -0.444875 
124 0.076954 
125 -0.070935 
126 0.083528 
127 0.255765 
128 -0.287074 
129 0.077316 
130 -0.131091 
131 0.125022 
132 -0.073353 
133 0.021294 
134 -0.256992 
135 0.231712 
136 -0.030497 
137 -0.305840 
138 -0.125273 
139 -0.144677 
140 0.159801 
141 0.028737 
142 0.017069 
143 0.358787 
144 0.023951 
145 -0.199983 
146 0.109524 
147 0.017740 
148 0.006301 
149 -0.235256 
150 0.033943 
151 -0.594995 
152 0.191782 
153 0.007737 
154 0.082888 
155 -0.636789 
156 0.186668 
157 0.035051 
158 0.150289 
159 -0.391663 
160 0.114155 
161 0.013375 
162 -0.113566 
163 0.285172 
164 -0.135733 
165 0.331625 
166 0.021530 
167 0.228061 
168 -0.077584 
169 -0.023967 
170 -0.582338 
171 0.214321 
172 -0.040784 
173 -0.104290 
174 -0.101348 
175 0.173677 
176 0.009916 
177 0.301243 
178 0.139078 
179 -0.170667 
180 0.155683 
181 -0.446490 
182 -0.050252 
183 0.303834 
184 -0.099455 
185 0.243900 
186 -0.056651 
187 0.095260 
188 0.237351 
189 0.270293 
190 0.167412 
191 -0.000544 
192 0.079743 
193 0.078773 
194 -0.050943 
195 0.206713 
196 -0.192014 
197 0.151048 
198 0.182103 
199 0.025109 
