0 -0.566348 
1 -0.651315 
2 -0.460191 
3 -0.769441 
4 -0.603697 
5 -0.477664 
6 -0.443275 
7 -1.052824 
8 -0.822792 
9 -0.695746 
10 -0.576099 
11 -0.448355 
12 -0.797211 
13 -0.351903 
14 -0.873340 
15 -0.757543 
16 -0.802338 
17 -0.953560 
18 -0.450914 
19 -0.633569 
20 -1.421658 
21 -0.619823 
22 -0.803738 
23 -0.293902 
24 -0.710828 
25 -0.721785 
26 -0.743380 
27 -1.005449 
28 -0.675305 
29 -0.541551 
30 -0.568320 
31 -0.578684 
32 -0.701763 
33 -0.659031 
34 -0.400449 
35 -0.815956 
36 -0.553563 
37 -0.263183 
38 -0.456027 
39 -0.888419 
40 -0.549925 
41 -0.790359 
42 -0.712560 
43 -0.803617 
44 -0.722302 
45 -0.072101 
46 -0.396914 
47 -0.692327 
48 -1.115316 
49 -0.944726 
50 -0.449902 
51 -0.163356 
52 -0.843855 
53 -0.677340 
54 -0.577372 
55 -0.334803 
56 -0.581800 
57 -0.130109 
58 -0.639969 
59 -0.885167 
60 -1.061183 
61 -0.830212 
62 -0.670962 
63 -0.945693 
64 -0.697201 
65 -0.667948 
66 -0.368936 
67 -0.317253 
68 -0.717165 
69 -0.788568 
70 -0.273271 
71 -0.105531 
72 -0.762703 
73 -1.061581 
74 -1.183126 
75 -0.247817 
76 -0.214864 
77 -0.380815 
78 -1.118429 
79 -0.538527 
80 -0.938564 
81 -0.345024 
82 -0.355302 
83 -0.761902 
84 -1.140980 
85 -0.811828 
86 -0.447695 
87 -0.465513 
88 -0.248636 
89 -0.439131 
90 -0.532222 
91 -0.164944 
92 -0.961311 
93 -0.830542 
94 -0.294391 
95 -0.331866 
96 -0.808444 
97 -0.758526 
98 -0.689321 
99 -0.877370 
100 -0.854647 
101 -0.876998 
102 -0.235260 
103 -0.726031 
104 -0.521772 
105 -0.456594 
106 -0.879696 
107 -0.819211 
108 -0.301691 
109 -1.141721 
110 -0.642655 
111 -0.365787 
112 -0.736973 
113 -0.858240 
114 -0.528312 
115 -0.705224 
116 -0.826401 
117 -0.513900 
118 -0.580519 
119 -0.572680 
120 -0.559627 
121 -0.493518 
122 -0.287089 
123 -0.594656 
124 -1.040376 
125 -0.814205 
126 -0.861234 
127 -0.299934 
128 -0.434176 
129 -0.485073 
130 -0.450272 
131 -0.244562 
132 -1.372852 
133 -1.326390 
134 -0.491720 
135 -1.307146 
136 -0.760809 
137 -1.002358 
138 -0.651820 
139 -0.306339 
140 -1.039691 
141 -0.694469 
142 -0.671897 
143 -0.178820 
144 -0.234727 
145 -1.106613 
146 -1.284803 
147 -0.688118 
148 -0.636246 
149 -0.472308 
150 -0.897806 
151 -0.783526 
152 -0.588795 
153 -0.442002 
154 -0.714968 
155 -0.349602 
156 -1.122074 
157 -0.997683 
158 -0.579241 
159 -1.249059 
160 -0.212678 
161 -0.562686 
162 -0.576399 
163 -0.662459 
164 -0.902722 
165 -0.584431 
166 -0.438146 
167 -0.544099 
168 -0.661556 
169 -0.672229 
170 -0.558298 
171 -0.665859 
172 -0.569712 
173 -0.614055 
174 -0.585988 
175 -0.428601 
176 -0.671299 
177 -0.587602 
178 -0.528290 
179 -0.478539 
180 -0.622385 
181 -0.957472 
182 -0.750194 
183 -1.051496 
184 -0.365335 
185 -0.316099 
186 -1.066385 
187 -0.697248 
188 -0.397729 
189 -0.978297 
190 -1.143695 
191 -1.115020 
192 -0.347253 
193 -0.684389 
194 -0.804809 
195 -0.451549 
196 -0.667870 
197 -0.354479 
198 -0.660231 
199 -0.946095 
