0 0.048132 
1 0.053887 
2 -0.025397 
3 0.136956 
4 -0.166437 
5 -0.175901 
6 0.069912 
7 -0.073372 
8 0.083907 
9 0.136402 
10 -0.214405 
11 -0.039958 
12 0.165883 
13 0.193250 
14 -0.268582 
15 -0.170867 
16 -0.262817 
17 -0.256092 
18 0.025340 
19 -0.010854 
20 -0.002656 
21 0.358634 
22 0.221935 
23 0.008884 
24 -0.099137 
25 0.053118 
26 0.108039 
27 -0.210353 
28 0.117204 
29 -0.103603 
30 -0.175202 
31 0.130078 
32 -0.006430 
33 -0.163914 
34 0.224048 
35 -0.121186 
36 0.335372 
37 -0.068481 
38 -0.219607 
39 0.153667 
40 -0.329691 
41 -0.291275 
42 -0.034568 
43 -0.084354 
44 0.109942 
45 0.068777 
46 -0.164828 
47 -0.234848 
48 0.083950 
49 -0.135261 
50 0.019423 
51 0.023060 
52 0.054073 
53 -0.045030 
54 -0.181907 
55 0.221530 
56 0.181904 
57 -0.224541 
58 0.053285 
59 0.002190 
60 -0.051206 
61 0.010146 
62 -0.245935 
63 0.361610 
64 -0.231995 
65 0.124936 
66 -0.005881 
67 0.025255 
68 -0.082029 
69 0.255840 
70 -0.361230 
71 0.097706 
72 -0.110011 
73 0.254983 
74 -0.332250 
75 -0.122026 
76 0.288680 
77 -0.452333 
78 0.070824 
79 -0.045952 
80 0.075235 
81 -0.154380 
82 -0.048044 
83 0.023844 
84 0.163929 
85 0.245317 
86 -0.000701 
87 0.269498 
88 -0.062719 
89 0.011202 
90 -0.149488 
91 0.238343 
92 0.246443 
93 0.043209 
94 -0.205373 
95 0.006760 
96 0.082175 
97 -0.170230 
98 0.200411 
99 0.162765 
100 -0.019980 
101 0.115977 
102 0.148983 
103 0.162197 
104 0.067756 
105 0.303840 
106 -0.189989 
107 0.081618 
108 -0.069042 
109 0.081533 
110 0.013957 
111 0.018653 
112 0.113361 
113 0.201245 
114 0.255448 
115 0.087386 
116 0.280227 
117 0.034080 
118 -0.216738 
119 0.183607 
120 -0.027115 
121 -0.014701 
122 0.124385 
123 0.280239 
124 0.216214 
125 0.226207 
126 0.174924 
127 -0.198561 
128 0.023823 
129 0.254660 
130 -0.304066 
131 -0.232314 
132 0.033464 
133 -0.140268 
134 -0.258404 
135 0.170100 
136 -0.064452 
137 0.016446 
138 0.066422 
139 0.094205 
140 -0.069168 
141 0.349978 
142 -0.137935 
143 0.179799 
144 -0.084580 
145 0.030216 
146 0.047259 
147 -0.173880 
148 0.285034 
149 0.297492 
150 -0.138574 
151 -0.127866 
152 -0.098952 
153 -0.147478 
154 0.067857 
155 -0.418439 
156 0.038231 
157 0.163365 
158 0.266022 
159 -0.222430 
160 -0.045582 
161 0.204166 
162 -0.145682 
163 -0.150991 
164 0.158501 
165 0.024763 
166 0.123963 
167 0.234469 
168 0.066942 
169 -0.093043 
170 0.182520 
171 0.023698 
172 0.098577 
173 0.289987 
174 -0.198854 
175 0.060462 
176 -0.218634 
177 -0.415055 
178 0.060639 
179 0.022873 
180 0.041930 
181 0.277320 
182 0.171143 
183 -0.190726 
184 -0.111231 
185 0.089876 
186 -0.178920 
187 0.161020 
188 0.184357 
189 0.159284 
190 -0.382340 
191 0.112949 
192 -0.217846 
193 0.152036 
194 0.232919 
195 -0.439533 
196 0.106942 
197 0.053044 
198 0.240306 
199 0.043509 
