0 -0.518513 
1 0.038834 
2 -0.842896 
3 -0.141022 
4 0.058245 
5 0.106979 
6 -0.337119 
7 -0.461927 
8 -0.156563 
9 -0.298066 
10 0.065976 
11 -0.346148 
12 -0.065395 
13 -0.340536 
14 -0.198722 
15 -0.382159 
16 -0.174583 
17 -0.750896 
18 -0.132669 
19 -0.350298 
20 -0.095742 
21 -0.134385 
22 -0.250185 
23 -0.420514 
24 -0.837877 
25 -0.464884 
26 0.178948 
27 -0.475257 
28 -0.121826 
29 -0.383100 
30 0.020896 
31 -0.760441 
32 -0.487309 
33 -0.070309 
34 -0.056445 
35 -0.376695 
36 0.054846 
37 -0.511979 
38 -0.711338 
39 -0.669853 
40 -0.340412 
41 -0.204969 
42 -0.639450 
43 -0.620707 
44 -0.448122 
45 -0.299298 
46 -0.450556 
47 -0.480021 
48 -0.608311 
49 -0.207220 
50 -0.275794 
51 -0.407611 
52 -0.310803 
53 0.097271 
54 -0.571514 
55 -0.220698 
56 -0.307413 
57 -0.686597 
58 -0.292215 
59 0.009063 
60 -0.365905 
61 -0.580661 
62 -0.667496 
63 0.083670 
64 -0.305902 
65 -0.421444 
66 -0.845251 
67 -0.371780 
68 -0.471788 
69 -0.763657 
70 -0.616249 
71 -0.352181 
72 -0.488818 
73 0.078992 
74 -0.202854 
75 0.115061 
76 -0.457340 
77 -0.580976 
78 -0.231208 
79 -0.581264 
80 -0.337125 
81 -0.293815 
82 -0.178088 
83 -0.732397 
84 -0.174684 
85 -0.444710 
86 -0.245438 
87 -0.363857 
88 -0.060169 
89 -0.422489 
90 -0.293292 
91 -0.707110 
92 -0.805950 
93 -0.441766 
94 0.121092 
95 -0.020733 
96 -0.434474 
97 -0.068460 
98 -0.326523 
99 -0.369949 
100 -0.784478 
101 0.038575 
102 -0.380008 
103 -0.624282 
104 -0.727379 
105 -0.134472 
106 -0.948158 
107 -0.371204 
108 -0.312323 
109 -0.548970 
110 -0.266941 
111 -0.423788 
112 0.063696 
113 -0.533710 
114 -0.376971 
115 -0.204792 
116 0.029984 
117 -0.373415 
118 -0.583287 
119 -0.144109 
120 0.145780 
121 -0.496497 
122 -0.407552 
123 -0.336796 
124 -0.281251 
125 -0.351517 
126 -0.409886 
127 -0.136382 
128 -0.463645 
129 -0.313015 
130 -0.438984 
131 -0.203775 
132 -0.080316 
133 -0.269258 
134 -0.762152 
135 -0.004056 
136 0.053216 
137 -0.269474 
138 -0.191702 
139 -0.124350 
140 -0.291269 
141 0.299326 
142 -0.350380 
143 -0.158763 
144 -0.045585 
145 -0.285635 
146 -0.090193 
147 -0.343035 
148 -0.184226 
149 -0.186453 
150 -0.086988 
151 -0.380351 
152 -0.541867 
153 -0.238959 
154 -0.080681 
155 -0.869701 
156 -0.328679 
157 0.061604 
158 -0.567172 
159 -0.612635 
160 -0.324583 
161 -0.562147 
162 -0.204368 
163 -0.290862 
164 -0.558754 
165 -0.030644 
166 -0.525733 
167 -0.588357 
168 -0.533015 
169 -0.408310 
170 -0.280388 
171 -0.430541 
172 -0.233250 
173 -0.106863 
174 -0.332142 
175 -0.438315 
176 -0.358490 
177 -0.062517 
178 -0.434897 
179 -0.394131 
180 -0.216733 
181 -0.223032 
182 -0.153251 
183 -0.218116 
184 -0.112466 
185 -0.133512 
186 -0.482217 
187 -0.442656 
188 -0.489156 
189 -0.002965 
190 -0.458438 
191 -0.055178 
192 -0.687454 
193 -0.266631 
194 -0.601251 
195 -0.214567 
196 0.061325 
197 -0.119398 
198 -0.500957 
199 -0.722799 
