0 0.334583 
1 0.036684 
2 -0.243955 
3 0.017109 
4 -0.292797 
5 -0.024866 
6 0.060312 
7 -0.090014 
8 -0.023459 
9 -0.085071 
10 -0.700684 
11 0.269341 
12 0.178638 
13 0.292871 
14 0.139087 
15 0.207768 
16 0.058549 
17 -0.094557 
18 -0.239448 
19 0.041038 
20 -0.031969 
21 -0.289647 
22 -0.071833 
23 0.097662 
24 -0.245514 
25 -0.000838 
26 0.074250 
27 0.091171 
28 -0.010451 
29 0.126097 
30 -0.565955 
31 0.210187 
32 -0.072486 
33 -0.316527 
34 -0.248812 
35 0.175580 
36 -0.008264 
37 -0.010003 
38 -0.043638 
39 0.296973 
40 -0.166548 
41 0.228601 
42 -0.112887 
43 0.369342 
44 -0.191315 
45 0.044233 
46 0.286565 
47 -0.136520 
48 0.077832 
49 0.193346 
50 0.198241 
51 0.032165 
52 0.061449 
53 0.060788 
54 -0.311027 
55 -0.001291 
56 -0.156436 
57 0.073105 
58 0.141165 
59 0.195014 
60 -0.026588 
61 -0.120813 
62 0.045777 
63 -0.110724 
64 -0.119141 
65 -0.135938 
66 -0.031871 
67 0.014027 
68 -0.149012 
69 -0.216107 
70 -0.088281 
71 0.023754 
72 -0.049966 
73 0.237654 
74 0.171884 
75 -0.207272 
76 -0.009606 
77 0.336084 
78 0.064931 
79 0.258008 
80 0.168444 
81 0.085147 
82 0.018446 
83 0.342044 
84 -0.258441 
85 0.315223 
86 -0.125897 
87 0.196782 
88 -0.370879 
89 0.021543 
90 -0.047402 
91 0.297304 
92 0.064284 
93 0.033344 
94 -0.227407 
95 0.060369 
96 -0.095840 
97 0.155987 
98 -0.195240 
99 -0.043628 
100 -0.124055 
101 -0.186440 
102 -0.008765 
103 -0.113689 
104 -0.223811 
105 0.134587 
106 -0.108501 
107 0.065260 
108 -0.084988 
109 0.046586 
110 -0.061443 
111 -0.291338 
112 0.250729 
113 0.032360 
114 0.294601 
115 0.299858 
116 -0.375461 
117 -0.047660 
118 0.130919 
119 0.011402 
120 -0.138159 
121 0.176726 
122 -0.092887 
123 0.093449 
124 0.180308 
125 -0.393996 
126 0.183070 
127 -0.140455 
128 -0.231057 
129 0.188869 
130 -0.123434 
131 0.217525 
132 -0.352309 
133 -0.227260 
134 -0.183805 
135 -0.316985 
136 0.016438 
137 -0.064684 
138 -0.061255 
139 -0.234515 
140 0.111537 
141 0.202969 
142 0.320053 
143 0.155017 
144 -0.059927 
145 0.212292 
146 0.196471 
147 -0.098793 
148 0.104971 
149 0.058250 
150 -0.473919 
151 -0.105692 
152 -0.274147 
153 -0.292597 
154 0.039173 
155 -0.133187 
156 0.101685 
157 -0.233104 
158 -0.151347 
159 0.234009 
160 -0.250403 
161 -0.101918 
162 0.219473 
163 0.085525 
164 -0.056858 
165 0.085307 
166 0.047810 
167 -0.169626 
168 -0.025570 
169 -0.000852 
170 -0.313937 
171 0.126839 
172 -0.172778 
173 0.394674 
174 -0.084314 
175 -0.253062 
176 0.165150 
177 -0.167482 
178 0.267977 
179 -0.074067 
180 0.331682 
181 0.054005 
182 0.269010 
183 0.184891 
184 0.143618 
185 0.256273 
186 -0.025108 
187 0.326044 
188 0.346187 
189 -0.110082 
190 -0.255873 
191 0.006395 
192 0.225671 
193 0.043489 
194 -0.156665 
195 0.076445 
196 -0.070217 
197 0.159898 
198 -0.073658 
199 0.137258 
