0 -0.092013 
1 -0.505499 
2 -0.166135 
3 -0.288202 
4 -0.345877 
5 -0.756237 
6 -0.231114 
7 0.374707 
8 -0.462323 
9 -0.013962 
10 -0.268551 
11 -0.534010 
12 -0.090634 
13 -0.416162 
14 0.044043 
15 -0.681082 
16 -0.198810 
17 -0.039912 
18 -0.096675 
19 -0.522116 
20 -0.427607 
21 0.032802 
22 0.014722 
23 -0.126966 
24 0.132707 
25 0.088511 
26 -0.000299 
27 -0.148686 
28 -0.491820 
29 -0.114095 
30 -0.823494 
31 -0.283304 
32 -0.248072 
33 0.311760 
34 -0.178206 
35 -0.438576 
36 -0.608836 
37 -0.103481 
38 -0.055447 
39 -0.141456 
40 -0.106000 
41 0.248300 
42 -0.104578 
43 -0.627884 
44 -0.141051 
45 -0.060677 
46 -0.275914 
47 -0.198835 
48 0.027299 
49 -0.255001 
50 -0.045515 
51 -0.207804 
52 -0.150441 
53 0.198797 
54 -0.142880 
55 -0.110868 
56 -0.740845 
57 0.026573 
58 -0.210750 
59 0.052441 
60 0.130677 
61 -0.312328 
62 -0.017876 
63 -0.083833 
64 -0.525090 
65 -0.167748 
66 0.198999 
67 -0.549803 
68 -0.135807 
69 -0.054127 
70 -0.385606 
71 -0.081478 
72 -0.481696 
73 0.006503 
74 0.037709 
75 -0.187521 
76 -0.503774 
77 -0.216383 
78 0.023804 
79 -0.138060 
80 -0.266653 
81 -0.601820 
82 -0.192841 
83 -0.308335 
84 -0.844650 
85 -0.568843 
86 -0.052340 
87 0.045571 
88 -0.560563 
89 -0.251940 
90 -0.601242 
91 0.056238 
92 -0.538455 
93 0.358005 
94 -0.092422 
95 -0.139122 
96 -0.051920 
97 0.023477 
98 -0.117935 
99 -0.196945 
100 -0.111468 
101 -0.193302 
102 -0.209645 
103 0.038367 
104 -0.299106 
105 -0.754821 
106 -0.133990 
107 -0.128728 
108 -0.504099 
109 -0.265787 
110 -0.282516 
111 0.167620 
112 -0.375385 
113 -0.306922 
114 -0.421293 
115 0.236610 
116 0.171771 
117 -0.545573 
118 -0.226718 
119 0.067551 
120 -0.531253 
121 0.063338 
122 0.130091 
123 -0.295008 
124 0.164797 
125 -0.044914 
126 -0.072342 
127 0.300103 
128 -0.049762 
129 -0.452962 
130 -0.321012 
131 0.071280 
132 -0.096023 
133 -0.499701 
134 -0.186395 
135 -0.101375 
136 -0.121760 
137 0.068178 
138 0.084631 
139 -0.168990 
140 -0.435594 
141 -0.381514 
142 -0.247632 
143 -0.309608 
144 -0.664210 
145 -0.183037 
146 -0.373396 
147 0.355544 
148 -0.082105 
149 -0.214564 
150 -0.029955 
151 -0.144340 
152 0.002944 
153 -0.409211 
154 -0.165422 
155 0.106403 
156 -0.411934 
157 -0.316047 
158 -0.031945 
159 0.057951 
160 -0.466214 
161 -0.288070 
162 0.130902 
163 -0.251850 
164 -0.011115 
165 0.139271 
166 -0.157077 
167 -0.460648 
168 -0.244399 
169 -0.078886 
170 0.183147 
171 -0.351549 
172 -0.331078 
173 -0.427242 
174 0.034412 
175 -0.344869 
176 -0.245307 
177 -0.341183 
178 -0.125529 
179 0.010603 
180 -0.238019 
181 -0.365820 
182 0.291013 
183 -0.031749 
184 0.147223 
185 0.062783 
186 -0.029524 
187 0.016120 
188 -1.018922 
189 -0.305472 
190 -0.064665 
191 0.041001 
192 -0.389433 
193 -0.415349 
194 -0.651711 
195 -0.244289 
196 -0.447591 
197 -0.376593 
198 0.172147 
199 -0.004528 
