0 -0.098385 
1 -1.529467 
2 -0.506972 
3 -0.642593 
4 -0.893022 
5 -1.122646 
6 -0.844618 
7 -0.808925 
8 -0.470956 
9 -0.986674 
10 -0.608325 
11 -0.897962 
12 -0.570573 
13 -0.384331 
14 -0.694881 
15 -0.324853 
16 -0.997130 
17 -0.704800 
18 -0.602412 
19 -0.366036 
20 -0.990584 
21 -0.363202 
22 -0.656508 
23 -0.812073 
24 -0.272285 
25 -0.761698 
26 -1.042803 
27 -0.609693 
28 -0.834067 
29 -1.068976 
30 -0.185867 
31 -1.156222 
32 -0.496600 
33 -0.332702 
34 -0.918647 
35 -1.199744 
36 -0.751860 
37 -1.177780 
38 -0.779665 
39 -1.113472 
40 -0.823096 
41 -0.947167 
42 -0.571093 
43 -0.853842 
44 -0.413418 
45 -1.024964 
46 -0.637637 
47 -0.860820 
48 -0.793661 
49 -0.866162 
50 -0.666878 
51 -0.194134 
52 -0.583497 
53 -0.520440 
54 -0.288695 
55 -0.928191 
56 -0.769075 
57 -1.116237 
58 -0.636567 
59 -0.745641 
60 -0.647650 
61 -0.882493 
62 -1.137361 
63 -1.075329 
64 -0.687377 
65 -0.643698 
66 -0.611602 
67 -0.275751 
68 -0.556099 
69 -0.850199 
70 -0.555434 
71 -0.748637 
72 -0.489957 
73 -0.694868 
74 -0.738201 
75 -0.439557 
76 -0.265472 
77 -0.631914 
78 -0.758706 
79 -0.757758 
80 -0.382390 
81 -0.990989 
82 -0.806802 
83 -0.379560 
84 -0.520739 
85 -0.780951 
86 -0.791546 
87 -0.797840 
88 -0.616701 
89 -1.081871 
90 -0.669397 
91 -0.571859 
92 -0.991690 
93 -0.721268 
94 -0.506380 
95 -0.781399 
96 -0.395769 
97 -0.156467 
98 -0.653364 
99 -0.427617 
100 -0.603997 
101 -0.938535 
102 -0.806912 
103 -0.867898 
104 -0.852999 
105 -0.387897 
106 -1.128161 
107 -0.316282 
108 -0.562874 
109 -0.819519 
110 -0.383707 
111 -1.054656 
112 -1.097732 
113 -1.140600 
114 -1.215690 
115 -0.904391 
116 -1.007812 
117 -0.369865 
118 -1.250527 
119 -0.829252 
120 -0.420606 
121 -0.433650 
122 -0.719002 
123 -0.680778 
124 -0.827088 
125 -0.418448 
126 -0.928483 
127 -0.680994 
128 -1.017575 
129 -0.844873 
130 -0.743811 
131 -0.484350 
132 -1.170845 
133 -0.412903 
134 -1.136720 
135 -0.585013 
136 -0.951038 
137 -0.429800 
138 -0.514052 
139 -0.491449 
140 -0.461178 
141 -0.193330 
142 -1.079481 
143 -0.975188 
144 -0.384018 
145 -0.217960 
146 -0.378456 
147 -0.465618 
148 -1.288315 
149 -0.860141 
150 -0.599548 
151 -0.641079 
152 -0.765503 
153 -0.423552 
154 -0.735783 
155 -0.405097 
156 -0.163040 
157 -0.637782 
158 -0.377220 
159 -0.374110 
160 -0.312365 
161 -0.376892 
162 -0.519467 
163 -0.853678 
164 -0.617907 
165 -1.027825 
166 -0.232460 
167 -0.558708 
168 -0.320853 
169 -0.924906 
170 -0.415946 
171 -0.558234 
172 -0.348054 
173 -1.245776 
174 -1.057459 
175 -0.953592 
176 -0.669988 
177 -0.533951 
178 -0.573046 
179 -0.286894 
180 -0.408974 
181 -0.474732 
182 -0.717919 
183 -0.750324 
184 -0.684456 
185 -0.459182 
186 -0.864623 
187 -1.074275 
188 -0.908424 
189 -0.907960 
190 -0.212680 
191 -0.954214 
192 -0.591511 
193 -0.721328 
194 -0.471107 
195 -0.892555 
196 -0.845167 
197 -0.496041 
198 -1.027650 
199 -1.007380 
