0 -0.788599 
1 -0.573314 
2 -0.568162 
3 -0.468574 
4 -0.785213 
5 -0.923827 
6 -0.333540 
7 -0.851429 
8 -0.815006 
9 -0.336319 
10 -0.613948 
11 -0.354031 
12 -0.884861 
13 -0.520143 
14 -0.517339 
15 -0.378179 
16 -0.439719 
17 -0.668214 
18 -0.250028 
19 -0.395955 
20 -0.683489 
21 -0.417482 
22 -0.319888 
23 -0.253550 
24 -0.377502 
25 -0.261427 
26 -0.453757 
27 -0.737313 
28 -0.088480 
29 -1.096463 
30 -0.405918 
31 -0.492953 
32 -0.905376 
33 -0.459452 
34 -0.302635 
35 -0.368098 
36 -0.985908 
37 -0.355861 
38 -0.744923 
39 -0.383560 
40 -0.913226 
41 -0.305273 
42 -0.795328 
43 -0.830103 
44 -0.565681 
45 -1.109941 
46 -0.727580 
47 -0.920156 
48 -0.422786 
49 -0.790660 
50 -0.764047 
51 -0.416720 
52 -0.834662 
53 -0.829471 
54 -0.452149 
55 -0.916936 
56 -0.779284 
57 -0.507512 
58 -0.951934 
59 -0.918350 
60 -0.463016 
61 -0.326263 
62 -0.297785 
63 -0.914197 
64 -0.183247 
65 -0.426533 
66 -0.714934 
67 -0.688917 
68 -1.140281 
69 -0.959728 
70 -1.002594 
71 -0.384015 
72 -1.061631 
73 -1.072595 
74 -0.565809 
75 -1.004100 
76 -0.999224 
77 -0.962044 
78 -0.399397 
79 0.023142 
80 -0.880632 
81 -0.803014 
82 -1.045211 
83 -0.370706 
84 -0.624446 
85 -0.381454 
86 -0.299229 
87 -0.602101 
88 -0.358069 
89 -0.519999 
90 -0.236151 
91 -0.374344 
92 -1.046971 
93 -0.575148 
94 -0.753044 
95 -0.674374 
96 -0.619042 
97 -0.575123 
98 -1.353191 
99 -0.801886 
100 -0.881783 
101 -0.532761 
102 -0.295432 
103 -0.895750 
104 -0.679552 
105 -1.065350 
106 -0.462297 
107 -0.295951 
108 -0.653212 
109 -0.963693 
110 -0.721204 
111 -1.253344 
112 -0.451609 
113 -0.417434 
114 -0.785361 
115 -1.188804 
116 -0.395637 
117 -0.731783 
118 -0.789940 
119 -0.746733 
120 -0.701851 
121 -0.570788 
122 -0.941035 
123 -0.436410 
124 -0.782990 
125 -0.691857 
126 -0.864360 
127 -0.958342 
128 -0.649550 
129 -0.938979 
130 -0.327688 
131 -0.747143 
132 -0.822936 
133 -0.883962 
134 -0.625252 
135 -0.894601 
136 -0.883487 
137 -0.474713 
138 -0.531226 
139 -0.582865 
140 -0.781203 
141 -1.078103 
142 -0.088373 
143 -0.805607 
144 -0.545565 
145 -0.653915 
146 -1.009134 
147 -1.301396 
148 -0.671873 
149 -0.938160 
150 -0.797414 
151 -0.392811 
152 -0.612276 
153 -0.120480 
154 -0.781947 
155 -0.912065 
156 -0.949651 
157 -0.626675 
158 -0.197181 
159 -0.740496 
160 -0.417297 
161 -0.615161 
162 -1.181032 
163 -0.425394 
164 -1.151480 
165 -0.771695 
166 -0.773402 
167 -0.407828 
168 -0.391175 
169 -1.242770 
170 -0.642213 
171 -0.653078 
172 -1.059910 
173 -0.919996 
174 -1.051441 
175 -0.967327 
176 -0.718580 
177 -0.645995 
178 -0.964522 
179 -0.647592 
180 -1.053278 
181 -0.579665 
182 -0.698601 
183 -0.241414 
184 -0.653577 
185 -1.043795 
186 -0.297047 
187 -0.680983 
188 -0.691723 
189 -0.438554 
190 -0.410482 
191 -0.639177 
192 -0.463496 
193 -1.053820 
194 -0.623201 
195 -0.688168 
196 -0.685264 
197 -1.317458 
198 -0.633009 
199 -0.935238 
