0 -0.411076 
1 -0.225793 
2 -0.287772 
3 -0.624505 
4 -0.672897 
5 -0.904219 
6 -0.582417 
7 -0.740296 
8 -1.010985 
9 -1.186961 
10 -0.950971 
11 -0.798173 
12 -0.471095 
13 -0.502269 
14 -0.686487 
15 -0.823470 
16 -0.243717 
17 -0.448274 
18 -0.330142 
19 -0.869630 
20 -0.334533 
21 -0.644465 
22 -0.930923 
23 -0.475295 
24 -0.667784 
25 -1.008691 
26 -1.191988 
27 -0.452685 
28 -1.013525 
29 -0.699739 
30 -0.412129 
31 -0.604065 
32 -0.293507 
33 -0.380040 
34 -1.060227 
35 -0.660535 
36 -0.080113 
37 -0.042764 
38 -0.224370 
39 -0.995916 
40 -0.783572 
41 -1.069500 
42 -0.963388 
43 -0.570054 
44 -0.696360 
45 -0.449270 
46 -0.926679 
47 -0.089473 
48 -0.789682 
49 -0.617074 
50 -0.456136 
51 -0.468400 
52 -0.913210 
53 -0.682308 
54 -0.681936 
55 -0.598607 
56 -0.434750 
57 -0.766423 
58 -0.788394 
59 -0.615337 
60 -0.754074 
61 -0.569950 
62 -0.475981 
63 -0.303596 
64 -0.173921 
65 -0.687115 
66 -0.180543 
67 -0.440866 
68 -0.407355 
69 -0.810352 
70 -0.517713 
71 -0.688582 
72 -0.701561 
73 -0.231869 
74 -0.259816 
75 -0.987986 
76 -0.668278 
77 -0.416071 
78 -0.280909 
79 -0.597416 
80 -0.598214 
81 -0.488597 
82 -0.480664 
83 -0.793610 
84 -0.328015 
85 -0.792938 
86 -0.432507 
87 -0.255324 
88 -0.416837 
89 -0.382272 
90 -0.756730 
91 -0.580826 
92 -1.118711 
93 -0.861649 
94 -0.768493 
95 -0.377497 
96 -0.732859 
97 -0.702987 
98 -0.158673 
99 -0.493548 
100 -1.017381 
101 -0.418147 
102 -0.669941 
103 -0.692247 
104 -0.822591 
105 -0.324975 
106 -1.203814 
107 -0.568020 
108 -0.435810 
109 -0.779814 
110 -0.608762 
111 -0.506146 
112 -0.724270 
113 -1.182407 
114 -0.670523 
115 -0.682916 
116 -0.557735 
117 -0.567468 
118 -0.231090 
119 -0.612002 
120 -0.570474 
121 -0.638857 
122 -0.886154 
123 -0.876645 
124 -0.419484 
125 -0.956043 
126 -0.609558 
127 -0.282112 
128 -0.847392 
129 -0.644135 
130 -0.366945 
131 -0.673871 
132 -0.751006 
133 -0.524770 
134 -0.968137 
135 -0.432845 
136 -0.794681 
137 -0.734863 
138 -0.348409 
139 -0.429483 
140 -0.600948 
141 -0.286480 
142 -1.106011 
143 -0.416578 
144 -0.745015 
145 -0.572555 
146 -0.225998 
147 -0.466295 
148 -0.765052 
149 -1.141837 
150 -0.606050 
151 -0.818273 
152 -0.509386 
153 -0.149066 
154 -0.925745 
155 -0.275030 
156 -0.646702 
157 -0.641450 
158 -0.152547 
159 -0.333096 
160 -0.591692 
161 -0.924018 
162 -0.734982 
163 -0.707936 
164 -1.055448 
165 -0.786816 
166 -0.601294 
167 -0.834620 
168 -0.470697 
169 -1.104128 
170 -0.745871 
171 -0.338804 
172 -1.059523 
173 -0.582126 
174 -0.834632 
175 -0.792744 
176 -0.947911 
177 -0.929440 
178 -0.092870 
179 -0.958087 
180 -0.953490 
181 -0.632901 
182 -0.630706 
183 -0.355502 
184 -0.650693 
185 -0.747372 
186 -0.454847 
187 -0.327731 
188 -0.645580 
189 -0.617616 
190 -0.109683 
191 -0.670255 
192 -0.540377 
193 -0.784728 
194 -0.476832 
195 -0.678683 
196 -0.703538 
197 -0.649079 
198 -0.815054 
199 -0.353199 
