0 -0.499128 
1 -0.953181 
2 -0.189346 
3 -0.299574 
4 -0.373330 
5 0.073715 
6 -0.477642 
7 -0.716241 
8 -0.152156 
9 0.058808 
10 -0.584758 
11 -0.770067 
12 -0.364443 
13 -0.349914 
14 -0.470125 
15 -0.402230 
16 -0.480049 
17 -0.163933 
18 -0.903265 
19 -0.150514 
20 -0.451294 
21 -0.894827 
22 -0.675847 
23 -0.419124 
24 0.048802 
25 -0.566672 
26 -0.090612 
27 -0.487992 
28 -0.273562 
29 -0.081051 
30 -0.250680 
31 -0.692714 
32 -0.534913 
33 -0.691088 
34 -0.282699 
35 -0.152913 
36 -0.521984 
37 -0.277464 
38 -0.745875 
39 -0.467274 
40 -0.183624 
41 -0.463278 
42 -0.597635 
43 -0.528701 
44 -0.617721 
45 -0.307007 
46 -0.194615 
47 -0.724367 
48 -0.286619 
49 -0.908235 
50 -0.719496 
51 -0.454351 
52 -0.820834 
53 -0.400307 
54 -0.263771 
55 -0.784778 
56 -0.353232 
57 -0.211721 
58 -0.154671 
59 -0.603554 
60 -0.552032 
61 -0.665859 
62 -0.029696 
63 -0.385613 
64 -0.329041 
65 -0.251462 
66 -0.323605 
67 -0.839404 
68 -0.489403 
69 -0.152197 
70 -0.044495 
71 -0.512340 
72 -0.390885 
73 -0.279238 
74 -0.451064 
75 -0.329919 
76 -0.682259 
77 -0.226670 
78 -0.109502 
79 -0.313030 
80 -0.436337 
81 -1.220220 
82 -0.328634 
83 -0.289955 
84 -0.810294 
85 -0.411721 
86 -0.381893 
87 -0.174264 
88 -0.542359 
89 -0.132227 
90 0.130322 
91 -0.295330 
92 -0.805268 
93 -0.401262 
94 -0.614832 
95 -0.737138 
96 -0.633893 
97 -0.885330 
98 -1.012274 
99 -0.310030 
100 -0.259046 
101 -0.727785 
102 -0.275192 
103 -0.541173 
104 -0.374063 
105 -0.813448 
106 -0.491009 
107 -0.242218 
108 -0.334403 
109 -0.720656 
110 -0.257055 
111 -0.538075 
112 -0.525157 
113 -0.511619 
114 -0.034014 
115 -0.838640 
116 -0.637453 
117 -0.494405 
118 -0.425141 
119 -0.499515 
120 -0.196997 
121 -0.621771 
122 -0.466543 
123 -0.628349 
124 -0.432781 
125 -0.255311 
126 -0.450020 
127 -0.765681 
128 -0.474616 
129 -0.643366 
130 -0.781168 
131 -0.126521 
132 -0.218465 
133 -0.378220 
134 -1.053561 
135 -0.525135 
136 -0.691405 
137 -0.222719 
138 -0.525259 
139 -0.438297 
140 -0.626889 
141 -0.510713 
142 -0.573365 
143 -0.251162 
144 -0.524935 
145 -0.692585 
146 -0.017876 
147 -0.469337 
148 -0.604760 
149 -0.461748 
150 -0.516905 
151 -0.630802 
152 -0.647400 
153 -0.380459 
154 -0.978728 
155 -0.299262 
156 -0.412580 
157 -0.543156 
158 -0.374836 
159 -0.421079 
160 -0.272803 
161 -0.400025 
162 -0.428912 
163 -0.305738 
164 0.016131 
165 -0.548940 
166 -0.605984 
167 -0.036724 
168 -0.181895 
169 -0.175711 
170 -0.314036 
171 -0.249122 
172 -0.521690 
173 -0.606363 
174 -0.744775 
175 -0.157817 
176 -0.775722 
177 -0.893083 
178 -0.257289 
179 -0.308508 
180 -0.205891 
181 -0.819287 
182 -0.297028 
183 -0.428654 
184 -0.213092 
185 -0.410540 
186 -0.305544 
187 -0.594754 
188 -0.633099 
189 -0.547986 
190 -0.175330 
191 -0.253453 
192 -0.615164 
193 -0.402192 
194 -0.492918 
195 -0.635403 
196 -0.264122 
197 -0.855073 
198 -0.097923 
199 -0.173553 
