0 -0.905107 
1 -1.053102 
2 -0.775157 
3 -0.544983 
4 -0.141722 
5 -0.745936 
6 -0.586751 
7 -0.996668 
8 -0.276114 
9 -0.556343 
10 -1.444160 
11 -1.167190 
12 -0.810836 
13 -0.743585 
14 -1.061664 
15 -1.519196 
16 -0.642079 
17 -0.825120 
18 -0.520109 
19 -0.738142 
20 -1.015042 
21 -1.153086 
22 -0.840480 
23 -1.033493 
24 -0.696876 
25 -0.262932 
26 -0.757306 
27 -0.709702 
28 -0.490535 
29 -0.883633 
30 -0.617857 
31 -0.920160 
32 -0.942674 
33 -0.820017 
34 -1.207005 
35 -0.950875 
36 -0.707452 
37 -0.660646 
38 -0.399070 
39 -0.692216 
40 -0.788779 
41 -1.228452 
42 -0.693215 
43 -0.900826 
44 -1.003835 
45 -1.070648 
46 -0.716622 
47 -0.986146 
48 -0.785414 
49 -1.441281 
50 -0.940633 
51 -1.042512 
52 -0.611506 
53 -0.567990 
54 -0.950439 
55 -1.104786 
56 -0.542510 
57 -1.054895 
58 -0.723969 
59 -1.385991 
60 -0.848782 
61 -1.220706 
62 -0.779551 
63 -0.746375 
64 -0.904641 
65 -0.879289 
66 -1.062819 
67 -0.806697 
68 -0.714844 
69 -1.126593 
70 -0.995358 
71 -1.014819 
72 -1.287363 
73 -0.235067 
74 -0.919617 
75 -1.288006 
76 -0.244803 
77 -1.034775 
78 -0.623347 
79 -1.265184 
80 -1.097947 
81 -0.555374 
82 -0.321032 
83 -0.350200 
84 -1.401845 
85 -1.227816 
86 -0.939787 
87 -0.627526 
88 -0.761533 
89 -0.356981 
90 -0.839296 
91 -0.272840 
92 -0.895725 
93 -0.923269 
94 -0.552413 
95 -1.028718 
96 -1.249256 
97 -0.851613 
98 -1.436723 
99 -0.645558 
100 -0.692770 
101 -0.486981 
102 -0.390147 
103 -0.655693 
104 -0.757877 
105 -0.970740 
106 -0.603302 
107 -0.958646 
108 -0.697376 
109 -0.959275 
110 -1.125906 
111 -0.622383 
112 -0.574022 
113 -0.850177 
114 -1.179354 
115 -0.314654 
116 -0.493923 
117 -0.950664 
118 -0.262412 
119 -0.692000 
120 -0.936467 
121 -1.265212 
122 -0.849557 
123 -1.043305 
124 -0.861482 
125 -0.825367 
126 -0.722474 
127 -0.991863 
128 -0.609522 
129 -0.585831 
130 -0.926060 
131 -0.636887 
132 -0.683609 
133 -1.420137 
134 -0.520747 
135 -0.992141 
136 -0.269861 
137 -0.515151 
138 -1.079966 
139 -0.544154 
140 -0.377771 
141 -0.909727 
142 -1.057068 
143 -1.448068 
144 -1.146841 
145 -0.773994 
146 -0.708055 
147 -0.691367 
148 -0.794082 
149 -1.009341 
150 -0.531913 
151 -1.162055 
152 -0.774738 
153 -1.396519 
154 -0.331656 
155 -1.073894 
156 -0.898365 
157 -0.776321 
158 -0.502334 
159 -0.113063 
160 -0.471354 
161 -1.075443 
162 -0.921377 
163 -0.362094 
164 -0.649642 
165 -1.179613 
166 -0.795602 
167 -0.598418 
168 -0.858388 
169 -1.133197 
170 -0.929228 
171 -1.382537 
172 -0.829835 
173 -0.781880 
174 -0.884200 
175 -0.911192 
176 -0.526228 
177 -0.783994 
178 -0.881545 
179 -0.384197 
180 -1.335341 
181 -0.675110 
182 -0.972571 
183 -0.300247 
184 -0.892018 
185 -0.353918 
186 -0.646275 
187 -0.964227 
188 -0.861625 
189 -1.308413 
190 -0.602835 
191 -0.633457 
192 -0.725200 
193 -0.329402 
194 -0.530825 
195 -0.827135 
196 -0.952189 
197 -1.014669 
198 -0.580819 
199 -1.056238 
