0 -0.068417 
1 -0.223359 
2 -0.078225 
3 -0.438714 
4 -0.305157 
5 -0.195310 
6 0.043259 
7 -0.309845 
8 0.166526 
9 -0.048103 
10 -0.180466 
11 -0.218246 
12 -0.134157 
13 -0.246151 
14 -0.178216 
15 -0.105424 
16 -0.370780 
17 -0.087239 
18 -0.304720 
19 -0.357699 
20 -0.011031 
21 -0.373365 
22 -0.275276 
23 -0.230053 
24 -0.173696 
25 0.045854 
26 0.004184 
27 -0.251612 
28 0.138079 
29 0.032011 
30 -0.109018 
31 0.200575 
32 -0.147395 
33 -0.138333 
34 -0.106782 
35 -0.190867 
36 -0.188753 
37 0.041032 
38 -0.047663 
39 0.082597 
40 -0.393206 
41 0.051555 
42 0.035583 
43 0.075278 
44 -0.045955 
45 -0.476194 
46 -0.025110 
47 0.082934 
48 -0.169612 
49 -0.145348 
50 -0.225636 
51 -0.074994 
52 -0.439904 
53 -0.196344 
54 -0.814748 
55 -0.330433 
56 -0.176150 
57 -0.043663 
58 -0.147473 
59 -0.497293 
60 -0.405234 
61 -0.366603 
62 -0.423597 
63 -0.078051 
64 -0.102786 
65 -0.070789 
66 -0.072029 
67 -0.004050 
68 -0.395842 
69 -0.059315 
70 -0.341864 
71 -0.257862 
72 -0.680975 
73 0.221592 
74 -0.505531 
75 -0.044867 
76 0.121433 
77 -0.239810 
78 0.073726 
79 -0.320618 
80 -0.201732 
81 0.106264 
82 -0.210759 
83 -0.207830 
84 -0.226855 
85 0.074495 
86 0.073314 
87 -0.358624 
88 -0.364822 
89 -0.377572 
90 -0.451756 
91 -0.347494 
92 -0.215692 
93 -0.077835 
94 -0.337711 
95 -0.175460 
96 -0.028119 
97 0.041047 
98 -0.138101 
99 0.023895 
100 -0.417439 
101 -0.121422 
102 -0.318186 
103 -0.025116 
104 -0.313480 
105 -0.001219 
106 -0.038961 
107 -0.068285 
108 0.014407 
109 -0.223184 
110 0.141462 
111 -0.378393 
112 0.209412 
113 -0.390281 
114 -0.254161 
115 -0.631479 
116 -0.346699 
117 -0.066970 
118 0.035622 
119 -0.406573 
120 -0.548406 
121 -0.023742 
122 -0.252987 
123 -0.154437 
124 -0.023450 
125 -0.455185 
126 -0.306862 
127 0.140853 
128 -0.026071 
129 0.042786 
130 0.121329 
131 0.079377 
132 -0.512942 
133 0.008553 
134 -0.204767 
135 0.026550 
136 -0.355803 
137 -0.193978 
138 0.147187 
139 -0.291744 
140 -0.238934 
141 -0.281336 
142 -0.244322 
143 -0.145172 
144 -0.167000 
145 -0.068786 
146 0.014783 
147 -0.050064 
148 -0.317390 
149 -0.283179 
150 -0.070108 
151 -0.120198 
152 -0.257360 
153 -0.370223 
154 -0.030821 
155 -0.127406 
156 -0.340656 
157 -0.121260 
158 -0.629339 
159 -0.475525 
160 -0.232376 
161 0.108650 
162 0.011360 
163 -0.827865 
164 -0.395265 
165 -0.176919 
166 -0.241222 
167 0.164655 
168 -0.171423 
169 -0.597854 
170 -0.301781 
171 -0.328980 
172 -0.121112 
173 -0.515616 
174 -0.238071 
175 -0.521843 
176 -0.353247 
177 0.006844 
178 -0.150829 
179 -0.009960 
180 -0.073933 
181 -0.368609 
182 -0.207652 
183 -0.159668 
184 -0.053941 
185 -0.670074 
186 -0.314861 
187 -0.010953 
188 0.063487 
189 -0.109768 
190 -0.191794 
191 -0.324621 
192 -0.274026 
193 -0.124629 
194 -0.161431 
195 -0.286553 
196 -0.233764 
197 -0.098201 
198 -0.040089 
199 -0.151527 
