0 0.249805 
1 0.041038 
2 0.049065 
3 -0.202080 
4 -0.115714 
5 0.037435 
6 0.162923 
7 0.087603 
8 -0.088328 
9 0.438663 
10 0.010040 
11 0.063928 
12 -0.271379 
13 0.258550 
14 0.377493 
15 -0.222155 
16 -0.298906 
17 0.099481 
18 0.092349 
19 0.115323 
20 -0.064189 
21 0.011695 
22 0.141852 
23 -0.018677 
24 -0.231004 
25 -0.036710 
26 0.253684 
27 0.143308 
28 0.112094 
29 0.083399 
30 0.089566 
31 0.033030 
32 0.093723 
33 0.015190 
34 0.188817 
35 0.320925 
36 0.011658 
37 0.147016 
38 -0.015745 
39 0.186510 
40 -0.278208 
41 -0.245618 
42 -0.025054 
43 0.119216 
44 -0.095453 
45 0.430371 
46 0.137532 
47 -0.018799 
48 0.188666 
49 0.163720 
50 -0.015579 
51 -0.104562 
52 -0.156536 
53 0.096894 
54 -0.029502 
55 0.068408 
56 -0.074435 
57 0.261221 
58 -0.286176 
59 -0.190800 
60 -0.111279 
61 0.003735 
62 -0.265038 
63 -0.243244 
64 -0.022084 
65 -0.080842 
66 -0.098175 
67 -0.106174 
68 -0.155875 
69 -0.236200 
70 0.050949 
71 0.088249 
72 0.176146 
73 -0.236032 
74 0.108135 
75 0.315159 
76 0.012719 
77 -0.095319 
78 -0.093670 
79 -0.163121 
80 -0.207254 
81 0.384463 
82 -0.442161 
83 0.256110 
84 -0.104033 
85 -0.439828 
86 0.064055 
87 -0.314512 
88 0.164093 
89 -0.086525 
90 0.042530 
91 -0.138782 
92 0.120637 
93 0.046573 
94 -0.347572 
95 0.289572 
96 -0.159748 
97 -0.334498 
98 0.290494 
99 -0.261838 
100 0.057021 
101 0.027476 
102 -0.100267 
103 0.331485 
104 -0.179410 
105 -0.082532 
106 0.146153 
107 -0.248138 
108 -0.216257 
109 -0.124232 
110 -0.396855 
111 -0.418053 
112 -0.083336 
113 -0.312729 
114 -0.045468 
115 -0.094669 
116 -0.163718 
117 0.002944 
118 0.032231 
119 -0.011617 
120 -0.059336 
121 -0.219698 
122 0.152392 
123 -0.019491 
124 -0.233607 
125 0.044596 
126 -0.198833 
127 0.108010 
128 -0.069440 
129 -0.159216 
130 0.266451 
131 -0.110484 
132 -0.000682 
133 -0.281459 
134 0.046256 
135 0.011972 
136 -0.292224 
137 0.053999 
138 0.018233 
139 0.266258 
140 -0.014346 
141 -0.078838 
142 0.268860 
143 -0.317852 
144 0.070373 
145 0.350986 
146 -0.212420 
147 -0.251765 
148 -0.206723 
149 -0.004671 
150 0.288697 
151 -0.093054 
152 -0.017574 
153 -0.008901 
154 -0.003852 
155 0.014113 
156 -0.066448 
157 0.003630 
158 -0.295358 
159 0.033473 
160 0.217691 
161 -0.135708 
162 0.052031 
163 -0.022649 
164 0.165336 
165 0.021088 
166 0.054335 
167 0.069361 
168 0.125718 
169 -0.228900 
170 -0.158384 
171 0.076274 
172 0.170608 
173 -0.047508 
174 -0.132885 
175 0.125113 
176 0.293123 
177 0.136039 
178 0.073971 
179 0.073578 
180 0.180660 
181 0.089849 
182 -0.178650 
183 -0.026845 
184 -0.329625 
185 0.048950 
186 0.367801 
187 0.092007 
188 0.135746 
189 0.292010 
190 -0.042179 
191 -0.006313 
192 0.154598 
193 -0.062485 
194 0.222196 
195 0.251110 
196 0.004547 
197 -0.120176 
198 0.028173 
199 -0.183015 
