0 0.328797 
1 0.051797 
2 0.142682 
3 0.074696 
4 0.221564 
5 -0.097650 
6 -0.003778 
7 -0.501231 
8 -0.005596 
9 -0.044666 
10 0.171711 
11 0.130384 
12 0.033518 
13 0.004687 
14 -0.145535 
15 0.035314 
16 -0.054100 
17 0.080447 
18 0.093116 
19 0.017558 
20 -0.254747 
21 -0.043244 
22 0.171598 
23 0.066124 
24 -0.174679 
25 0.170615 
26 -0.189894 
27 -0.245925 
28 -0.045463 
29 -0.241471 
30 -0.070436 
31 -0.330125 
32 -0.141853 
33 0.290198 
34 -0.045283 
35 0.272384 
36 -0.093080 
37 0.154508 
38 -0.040290 
39 -0.039846 
40 -0.061107 
41 -0.089504 
42 0.170471 
43 -0.069972 
44 0.059970 
45 -0.215011 
46 0.092589 
47 -0.203163 
48 0.008082 
49 0.166295 
50 0.046060 
51 -0.144078 
52 -0.117652 
53 -0.235044 
54 0.092379 
55 0.051832 
56 -0.136078 
57 -0.142409 
58 0.072822 
59 -0.401859 
60 -0.111983 
61 0.286451 
62 0.152872 
63 -0.011446 
64 -0.040349 
65 0.006376 
66 0.350523 
67 0.220509 
68 0.190697 
69 -0.139414 
70 0.269738 
71 -0.091472 
72 0.165228 
73 0.276173 
74 0.047341 
75 -0.601950 
76 0.022707 
77 0.025106 
78 0.085891 
79 -0.649133 
80 0.256223 
81 0.004798 
82 -0.301756 
83 0.082977 
84 -0.423308 
85 0.341246 
86 0.076919 
87 -0.468045 
88 -0.004898 
89 0.220680 
90 0.145252 
91 0.142098 
92 0.157007 
93 -0.256013 
94 0.013313 
95 -0.261724 
96 0.007779 
97 -0.056885 
98 0.103523 
99 0.014822 
100 -0.019248 
101 -0.636629 
102 -0.076988 
103 -0.083393 
104 -0.335581 
105 -0.178705 
106 -0.661386 
107 -0.458315 
108 0.125303 
109 0.042261 
110 -0.264331 
111 -0.282323 
112 0.129002 
113 0.099375 
114 0.001475 
115 -0.065160 
116 -0.245773 
117 -0.319156 
118 -0.060722 
119 -0.047976 
120 -0.444865 
121 0.227871 
122 0.359198 
123 -0.076935 
124 -0.183282 
125 0.318078 
126 -0.074198 
127 0.118362 
128 0.282110 
129 0.069248 
130 -0.189844 
131 0.332648 
132 -0.292200 
133 -0.237674 
134 0.048905 
135 0.116751 
136 -0.275730 
137 -0.179594 
138 0.005674 
139 0.234145 
140 -0.151669 
141 -0.005070 
142 -0.232414 
143 -0.109179 
144 0.056656 
145 -0.077087 
146 -0.180010 
147 0.045009 
148 -0.195137 
149 -0.215233 
150 -0.070199 
151 -0.084275 
152 -0.091441 
153 0.038040 
154 0.258818 
155 -0.230733 
156 0.162855 
157 0.013821 
158 0.007285 
159 0.060342 
160 -0.005002 
161 0.090702 
162 -0.406189 
163 -0.091151 
164 0.132295 
165 0.027661 
166 0.080952 
167 0.048155 
168 0.304130 
169 0.000927 
170 -0.188792 
171 0.307777 
172 -0.117218 
173 -0.123108 
174 -0.088548 
175 -0.423228 
176 -0.134292 
177 -0.143406 
178 0.341688 
179 -0.195174 
180 -0.267160 
181 0.122538 
182 -0.409314 
183 -0.110283 
184 0.206963 
185 0.261813 
186 -0.009195 
187 0.140965 
188 0.360834 
189 -0.291103 
190 0.089577 
191 0.004762 
192 -0.494609 
193 0.121063 
194 -0.410233 
195 0.060642 
196 0.191505 
197 0.193305 
198 -0.043454 
199 0.217960 
