0 -0.315241 
1 0.113970 
2 0.243719 
3 0.141692 
4 0.372920 
5 -0.189682 
6 0.176809 
7 0.260452 
8 -0.067867 
9 -0.059687 
10 -0.241345 
11 -0.197971 
12 -0.041606 
13 -0.054603 
14 -0.332924 
15 0.215298 
16 0.102666 
17 0.434136 
18 -0.170113 
19 -0.404479 
20 0.104180 
21 -0.506298 
22 0.140030 
23 0.002943 
24 -0.014117 
25 0.273305 
26 -0.341005 
27 0.222648 
28 0.107402 
29 0.119665 
30 -0.311964 
31 0.198335 
32 0.039775 
33 0.091557 
34 0.351457 
35 -0.255067 
36 0.135102 
37 0.189102 
38 -0.176778 
39 0.117565 
40 -0.065386 
41 -0.061587 
42 -0.144559 
43 0.194744 
44 0.089505 
45 -0.207758 
46 0.170571 
47 -0.073292 
48 0.258296 
49 -0.125093 
50 0.316465 
51 0.198700 
52 0.405714 
53 -0.020071 
54 -0.466099 
55 -0.316682 
56 0.272819 
57 -0.106148 
58 0.058176 
59 0.032917 
60 -0.044147 
61 -0.180107 
62 -0.127554 
63 0.070757 
64 0.145077 
65 0.010976 
66 0.241882 
67 0.138440 
68 -0.373703 
69 0.133504 
70 0.361195 
71 0.153949 
72 -0.150714 
73 0.114671 
74 0.269575 
75 -0.359272 
76 0.152239 
77 0.058345 
78 0.045893 
79 0.081946 
80 -0.012441 
81 0.148518 
82 -0.381510 
83 -0.535426 
84 0.106817 
85 -0.286877 
86 0.380869 
87 -0.066601 
88 -0.198481 
89 0.033113 
90 0.213670 
91 0.056394 
92 0.015235 
93 0.151408 
94 -0.191812 
95 -0.063492 
96 0.325447 
97 -0.194570 
98 -0.078611 
99 -0.177160 
100 0.151172 
101 -0.084372 
102 0.033160 
103 0.010828 
104 0.119219 
105 -0.100349 
106 0.178825 
107 0.155973 
108 0.038578 
109 -0.014793 
110 -0.088842 
111 0.299640 
112 0.198214 
113 -0.114893 
114 0.069566 
115 -0.230503 
116 0.027081 
117 -0.046449 
118 0.023086 
119 -0.129288 
120 0.005928 
121 0.054858 
122 -0.119091 
123 0.059337 
124 -0.266528 
125 -0.157829 
126 0.002946 
127 0.090333 
128 -0.019830 
129 -0.099608 
130 -0.192324 
131 -0.460691 
132 -0.470907 
133 -0.059872 
134 0.133890 
135 0.089898 
136 0.465130 
137 0.087786 
138 -0.112711 
139 0.411803 
140 0.087745 
141 0.011835 
142 0.283217 
143 0.124988 
144 0.118686 
145 0.120735 
146 0.180053 
147 -0.040946 
148 -0.084910 
149 -0.190927 
150 -0.198413 
151 0.006190 
152 -0.015656 
153 0.060445 
154 0.200798 
155 0.099706 
156 -0.199819 
157 -0.012553 
158 0.332839 
159 -0.084914 
160 -0.165303 
161 0.052512 
162 0.064490 
163 -0.564680 
164 -0.082608 
165 0.217698 
166 0.192558 
167 -0.142568 
168 0.043876 
169 -0.071712 
170 0.007197 
171 -0.143252 
172 0.146371 
173 -0.293779 
174 -0.171782 
175 -0.179638 
176 -0.180408 
177 0.094953 
178 -0.403682 
179 0.089018 
180 0.064939 
181 -0.075530 
182 -0.135744 
183 -0.111408 
184 0.098167 
185 -0.076373 
186 0.063285 
187 0.111540 
188 0.060109 
189 -0.026220 
190 0.134252 
191 -0.029700 
192 0.073958 
193 0.024396 
194 0.088435 
195 -0.099417 
196 -0.000541 
197 0.035934 
198 0.148101 
199 0.232856 
