0 -0.082637 
1 -0.323875 
2 0.249757 
3 -0.070359 
4 -0.191758 
5 -0.186764 
6 0.111161 
7 0.264342 
8 0.061623 
9 0.029306 
10 0.120365 
11 0.007781 
12 0.010558 
13 -0.065648 
14 0.075956 
15 -0.146388 
16 -0.484511 
17 0.079167 
18 0.069698 
19 0.285863 
20 -0.160144 
21 -0.265960 
22 0.137648 
23 -0.082437 
24 -0.065162 
25 0.026758 
26 0.177452 
27 -0.083867 
28 -0.180599 
29 -0.126063 
30 0.048662 
31 0.204226 
32 -0.161264 
33 -0.141628 
34 0.220013 
35 0.035617 
36 -0.231019 
37 -0.091222 
38 -0.116986 
39 -0.094896 
40 -0.022873 
41 0.118294 
42 0.075927 
43 0.019880 
44 -0.217468 
45 -0.275854 
46 0.265660 
47 -0.025222 
48 0.122340 
49 -0.016883 
50 0.083707 
51 0.110030 
52 0.380617 
53 -0.262101 
54 -0.194809 
55 0.120237 
56 -0.061053 
57 0.229845 
58 -0.428412 
59 -0.062254 
60 -0.038406 
61 -0.184636 
62 -0.235404 
63 0.049085 
64 -0.194277 
65 -0.075066 
66 -0.166597 
67 0.055043 
68 0.260786 
69 -0.024817 
70 0.042778 
71 -0.376277 
72 0.083840 
73 -0.243538 
74 -0.354055 
75 -0.052082 
76 0.254704 
77 -0.033916 
78 0.083790 
79 0.246337 
80 -0.241752 
81 0.151455 
82 -0.015611 
83 0.042159 
84 -0.174274 
85 -0.082927 
86 0.164746 
87 -0.207895 
88 -0.025953 
89 -0.135938 
90 0.214722 
91 0.297454 
92 0.144233 
93 0.375309 
94 0.063568 
95 -0.154545 
96 -0.063893 
97 -0.572778 
98 -0.339625 
99 -0.223194 
100 -0.059406 
101 0.118882 
102 0.086002 
103 0.078074 
104 0.018311 
105 0.078529 
106 -0.042249 
107 0.176875 
108 -0.118141 
109 -0.159651 
110 0.058356 
111 -0.114558 
112 -0.194796 
113 0.076869 
114 0.272292 
115 -0.061561 
116 0.122126 
117 0.101175 
118 -0.045614 
119 -0.031558 
120 0.256808 
121 0.021973 
122 -0.132673 
123 0.328710 
124 0.158960 
125 0.133910 
126 -0.118407 
127 -0.121366 
128 -0.050348 
129 -0.054980 
130 -0.467134 
131 0.142538 
132 0.119480 
133 0.035428 
134 0.223938 
135 0.261215 
136 -0.152793 
137 0.035645 
138 -0.241451 
139 0.135791 
140 0.386471 
141 -0.006538 
142 0.324153 
143 -0.103991 
144 -0.049771 
145 0.116990 
146 0.101873 
147 0.030544 
148 0.116679 
149 -0.025950 
150 0.010984 
151 -0.056533 
152 -0.038870 
153 0.043423 
154 -0.006300 
155 -0.087254 
156 0.021985 
157 0.106879 
158 -0.195879 
159 -0.127689 
160 0.295197 
161 -0.068572 
162 0.218645 
163 -0.287728 
164 0.260880 
165 0.151852 
166 -0.000824 
167 -0.076428 
168 -0.123232 
169 -0.359322 
170 0.196512 
171 0.105642 
172 -0.143718 
173 -0.320680 
174 0.167045 
175 -0.245610 
176 0.108227 
177 0.044300 
178 -0.000089 
179 0.249910 
180 0.137022 
181 -0.182380 
182 0.081555 
183 -0.012468 
184 0.332930 
185 0.146805 
186 0.016373 
187 0.017263 
188 0.041434 
189 0.212633 
190 -0.162281 
191 -0.161574 
192 -0.147844 
193 0.125901 
194 -0.042987 
195 0.048169 
196 0.229279 
197 -0.057900 
198 -0.080955 
199 -0.163506 
