0 -0.493105 
1 -1.119261 
2 -0.766853 
3 -0.697506 
4 -0.418101 
5 -0.663755 
6 -0.745755 
7 -0.379095 
8 -0.108313 
9 -0.699162 
10 -0.501432 
11 -0.183471 
12 -0.581966 
13 -0.058961 
14 -1.125765 
15 -0.841259 
16 -0.981447 
17 -0.460506 
18 -0.911840 
19 -0.486141 
20 -0.478731 
21 -0.701817 
22 -0.677799 
23 -0.919073 
24 -0.676366 
25 -0.863924 
26 -0.622903 
27 -0.591894 
28 -0.678890 
29 -0.969542 
30 -0.166120 
31 -0.324022 
32 -0.405499 
33 -0.190265 
34 -0.358363 
35 -0.491100 
36 -0.065651 
37 -0.689108 
38 -0.895308 
39 -0.427175 
40 -0.982049 
41 -0.838002 
42 -0.661667 
43 -0.148952 
44 -0.322557 
45 -0.289839 
46 -0.789779 
47 -0.943424 
48 -1.087967 
49 -0.420177 
50 -0.629058 
51 -0.480614 
52 -0.663808 
53 -0.654605 
54 -0.558775 
55 -0.461880 
56 -1.117875 
57 -0.343649 
58 -0.489009 
59 -0.759530 
60 -0.599488 
61 -0.707780 
62 -0.447961 
63 -0.578690 
64 -0.408715 
65 -0.477215 
66 -0.478127 
67 -0.546177 
68 -1.049867 
69 -0.631334 
70 -0.653086 
71 -0.554898 
72 -0.685013 
73 -0.587559 
74 -0.275437 
75 -0.448726 
76 -0.499148 
77 -0.564697 
78 -0.259477 
79 -0.751626 
80 -0.778511 
81 -0.808612 
82 -0.259861 
83 -0.270803 
84 -0.743452 
85 -0.451720 
86 -0.189706 
87 -0.479012 
88 -0.362687 
89 -0.662647 
90 -0.710110 
91 -0.947074 
92 -0.962419 
93 -0.887442 
94 -0.653742 
95 -0.264821 
96 -0.480350 
97 -0.480613 
98 -0.068769 
99 -0.500477 
100 -0.301410 
101 -0.668600 
102 -0.926290 
103 -0.388399 
104 -0.656450 
105 -0.681302 
106 -0.319285 
107 -0.337433 
108 -0.572665 
109 -0.803898 
110 -0.591781 
111 -0.296212 
112 -0.066346 
113 -0.431289 
114 -0.518837 
115 -0.446382 
116 -0.901499 
117 -0.367537 
118 -0.927353 
119 -0.605056 
120 -0.350070 
121 -0.186588 
122 -0.366751 
123 -0.746224 
124 -0.721438 
125 -0.371462 
126 -0.786460 
127 -0.196110 
128 -0.520451 
129 -0.427985 
130 -0.682180 
131 -0.783067 
132 -0.680253 
133 -0.741737 
134 -1.018802 
135 -0.271929 
136 -0.945733 
137 -0.697065 
138 -0.391137 
139 -0.418142 
140 -0.664321 
141 -0.968405 
142 -0.618301 
143 -0.521775 
144 -1.242672 
145 -0.903542 
146 -0.361984 
147 -0.633055 
148 -1.275682 
149 -0.655348 
150 -0.372541 
151 -0.344064 
152 -1.188551 
153 -0.403484 
154 -0.206673 
155 -1.141677 
156 -0.313438 
157 -0.495431 
158 -0.754339 
159 -0.726097 
160 -0.309247 
161 -0.707267 
162 -0.575868 
163 -0.490582 
164 -0.521654 
165 -0.358873 
166 -0.278977 
167 -0.261006 
168 -0.395443 
169 -0.790710 
170 -0.737612 
171 -0.582258 
172 -0.898538 
173 -0.568267 
174 -0.270930 
175 -0.294414 
176 -0.810620 
177 -0.220655 
178 -0.933327 
179 -0.356853 
180 -0.622202 
181 -0.463344 
182 -0.455685 
183 -0.724813 
184 -0.568202 
185 -0.414994 
186 -0.926393 
187 -0.318059 
188 -0.597797 
189 -0.735042 
190 -0.706513 
191 -0.499093 
192 -0.576654 
193 -0.522089 
194 -0.799112 
195 -0.389206 
196 -0.560778 
197 -0.232595 
198 -0.503280 
199 -0.540323 
