0.000000   -0.663792   
1.000000   -0.663792   
2.000000   -0.663792   
3.000000   -0.663792   
4.000000   -0.663792   
5.000000   -0.663792   
6.000000   -0.663792   
7.000000   -0.663792   
8.000000   -0.663792   
9.000000   -0.663792   
10.000000   -0.663792   
11.000000   -0.663792   
12.000000   -0.663792   
13.000000   -0.663792   
14.000000   -0.663792   
15.000000   -0.663792   
16.000000   -0.663792   
17.000000   -0.663792   
18.000000   -0.663792   
19.000000   -0.663792   
20.000000   -0.663792   
21.000000   -0.663792   
22.000000   -0.663792   
23.000000   -0.663792   
24.000000   -0.663792   
25.000000   -0.663792   
26.000000   -0.652612   
27.000000   -0.653009   
28.000000   -0.653264   
29.000000   -0.653457   
30.000000   -0.653458   
31.000000   -0.653350   
32.000000   -0.653356   
33.000000   -0.653472   
34.000000   -0.653568   
35.000000   -0.653624   
36.000000   -0.653713   
37.000000   -0.653918   
38.000000   -0.654115   
39.000000   -0.654304   
40.000000   -0.654445   
41.000000   -0.654546   
42.000000   -0.654624   
43.000000   -0.654668   
44.000000   -0.654609   
45.000000   -0.654573   
46.000000   -0.654459   
47.000000   -0.654399   
48.000000   -0.654333   
49.000000   -0.654291   
50.000000   -0.654238   
51.000000   -0.654198   
52.000000   -0.654100   
53.000000   -0.654120   
54.000000   -0.654227   
55.000000   -0.654233   
56.000000   -0.654236   
57.000000   -0.654201   
58.000000   -0.654133   
59.000000   -0.654137   
60.000000   -0.654259   
61.000000   -0.654431   
62.000000   -0.654640   
63.000000   -0.654957   
64.000000   -0.655327   
65.000000   -0.655605   
66.000000   -0.655778   
67.000000   -0.655961   
68.000000   -0.655946   
69.000000   -0.655898   
70.000000   -0.655864   
71.000000   -0.655946   
72.000000   -0.656156   
73.000000   -0.656396   
74.000000   -0.656490   
75.000000   -0.656620   
76.000000   -0.656892   
77.000000   -0.656962   
78.000000   -0.656962   
79.000000   -0.657021   
80.000000   -0.657086   
81.000000   -0.657291   
82.000000   -0.657475   
83.000000   -0.657728   
84.000000   -0.658087   
85.000000   -0.658454   
86.000000   -0.658718   
87.000000   -0.659026   
88.000000   -0.659320   
89.000000   -0.659670   
90.000000   -0.660069   
91.000000   -0.660391   
92.000000   -0.660644   
93.000000   -0.660903   
94.000000   -0.661062   
95.000000   -0.661171   
96.000000   -0.661155   
97.000000   -0.660954   
98.000000   -0.660938   
99.000000   -0.661021   
100.000000   -0.661203   
101.000000   -0.661438   
102.000000   -0.661661   
103.000000   -0.661935   
104.000000   -0.662260   
105.000000   -0.662697   
106.000000   -0.663142   
107.000000   -0.663647   
108.000000   -0.664018   
109.000000   -0.664316   
110.000000   -0.664675   
111.000000   -0.665126   
112.000000   -0.665588   
113.000000   -0.665886   
114.000000   -0.665990   
115.000000   -0.666047   
116.000000   -0.666139   
117.000000   -0.666263   
118.000000   -0.666366   
119.000000   -0.666501   
120.000000   -0.666799   
121.000000   -0.667071   
122.000000   -0.667039   
123.000000   -0.666967   
124.000000   -0.667097   
125.000000   -0.667314   
126.000000   -0.667522   
127.000000   -0.667753   
128.000000   -0.668163   
129.000000   -0.668699   
130.000000   -0.669259   
131.000000   -0.669886   
132.000000   -0.670623   
133.000000   -0.671398   
134.000000   -0.672098   
135.000000   -0.672640   
136.000000   -0.673072   
137.000000   -0.673519   
138.000000   -0.674029   
139.000000   -0.674465   
140.000000   -0.674924   
141.000000   -0.675237   
142.000000   -0.675510   
143.000000   -0.675894   
144.000000   -0.676221   
145.000000   -0.676617   
146.000000   -0.677104   
147.000000   -0.677514   
148.000000   -0.677895   
149.000000   -0.678278   
150.000000   -0.678724   
151.000000   -0.679151   
152.000000   -0.679635   
153.000000   -0.680133   
154.000000   -0.680609   
155.000000   -0.680959   
156.000000   -0.681081   
157.000000   -0.681178   
158.000000   -0.681430   
159.000000   -0.681701   
160.000000   -0.681826   
161.000000   -0.681965   
162.000000   -0.682143   
163.000000   -0.682521   
164.000000   -0.683096   
165.000000   -0.683647   
166.000000   -0.684084   
167.000000   -0.684457   
168.000000   -0.684886   
169.000000   -0.685299   
170.000000   -0.685621   
171.000000   -0.685811   
172.000000   -0.686044   
173.000000   -0.686450   
174.000000   -0.686958   
175.000000   -0.687406   
176.000000   -0.687713   
177.000000   -0.688030   
178.000000   -0.688224   
179.000000   -0.688343   
180.000000   -0.688497   
181.000000   -0.688476   
182.000000   -0.688477   
183.000000   -0.688373   
184.000000   -0.688181   
185.000000   -0.687991   
186.000000   -0.687692   
187.000000   -0.687420   
188.000000   -0.687188   
189.000000   -0.686840   
190.000000   -0.686488   
191.000000   -0.686233   
192.000000   -0.686162   
193.000000   -0.686151   
194.000000   -0.686133   
195.000000   -0.685934   
196.000000   -0.685785   
197.000000   -0.685724   
198.000000   -0.685676   
199.000000   -0.685471   
200.000000   -0.685311   
201.000000   -0.685131   
202.000000   -0.684763   
203.000000   -0.684502   
204.000000   -0.684232   
205.000000   -0.684068   
206.000000   -0.683866   
207.000000   -0.683587   
208.000000   -0.683473   
209.000000   -0.683425   
210.000000   -0.683336   
211.000000   -0.683113   
212.000000   -0.682869   
213.000000   -0.682702   
214.000000   -0.682570   
215.000000   -0.682516   
216.000000   -0.682413   
217.000000   -0.682207   
218.000000   -0.682033   
219.000000   -0.681675   
220.000000   -0.681324   
221.000000   -0.680994   
222.000000   -0.680799   
223.000000   -0.680527   
224.000000   -0.680268   
225.000000   -0.679848   
226.000000   -0.679533   
227.000000   -0.679244   
228.000000   -0.678929   
229.000000   -0.678626   
230.000000   -0.678301   
231.000000   -0.677982   
232.000000   -0.677827   
233.000000   -0.677681   
234.000000   -0.677627   
235.000000   -0.677481   
236.000000   -0.677271   
237.000000   -0.677086   
238.000000   -0.676982   
239.000000   -0.676770   
240.000000   -0.676438   
241.000000   -0.676143   
242.000000   -0.675900   
243.000000   -0.675539   
244.000000   -0.675048   
245.000000   -0.674581   
246.000000   -0.674237   
247.000000   -0.673759   
248.000000   -0.673353   
249.000000   -0.672901   
250.000000   -0.672498   
251.000000   -0.672350   
252.000000   -0.672429   
253.000000   -0.672406   
254.000000   -0.672299   
255.000000   -0.672123   
256.000000   -0.671893   
257.000000   -0.671651   
258.000000   -0.671466   
259.000000   -0.671312   
260.000000   -0.671251   
261.000000   -0.671235   
262.000000   -0.671176   
263.000000   -0.671078   
264.000000   -0.670886   
265.000000   -0.670651   
266.000000   -0.670455   
267.000000   -0.670254   
268.000000   -0.670064   
269.000000   -0.669985   
270.000000   -0.669907   
271.000000   -0.669882   
272.000000   -0.669837   
273.000000   -0.669748   
274.000000   -0.669658   
275.000000   -0.669588   
276.000000   -0.669523   
277.000000   -0.669387   
278.000000   -0.669258   
279.000000   -0.669137   
280.000000   -0.669049   
281.000000   -0.669029   
282.000000   -0.669000   
283.000000   -0.668934   
284.000000   -0.668921   
285.000000   -0.668934   
286.000000   -0.668931   
287.000000   -0.668773   
288.000000   -0.668632   
289.000000   -0.668620   
290.000000   -0.668736   
291.000000   -0.668851   
292.000000   -0.668919   
293.000000   -0.668977   
294.000000   -0.669044   
295.000000   -0.669147   
296.000000   -0.669248   
297.000000   -0.669199   
298.000000   -0.669075   
299.000000   -0.669022   
300.000000   -0.669001   
301.000000   -0.668985   
302.000000   -0.668968   
303.000000   -0.668823   
304.000000   -0.668633   
305.000000   -0.668535   
306.000000   -0.668487   
307.000000   -0.668353   
308.000000   -0.668176   
309.000000   -0.668069   
310.000000   -0.668017   
311.000000   -0.667924   
312.000000   -0.667747   
313.000000   -0.667306   
314.000000   -0.666787   
315.000000   -0.666444   
316.000000   -0.666036   
317.000000   -0.665658   
318.000000   -0.665276   
319.000000   -0.664777   
320.000000   -0.664379   
321.000000   -0.663893   
322.000000   -0.663316   
323.000000   -0.662762   
324.000000   -0.662229   
325.000000   -0.661693   
326.000000   -0.661303   
327.000000   -0.661009   
328.000000   -0.660767   
329.000000   -0.660555   
330.000000   -0.660332   
331.000000   -0.660236   
332.000000   -0.660168   
333.000000   -0.660050   
334.000000   -0.660032   
335.000000   -0.660007   
336.000000   -0.660019   
337.000000   -0.659962   
338.000000   -0.659858   
339.000000   -0.659815   
340.000000   -0.659675   
341.000000   -0.659301   
342.000000   -0.658802   
343.000000   -0.658430   
344.000000   -0.658165   
345.000000   -0.658015   
346.000000   -0.657838   
347.000000   -0.657546   
348.000000   -0.657188   
349.000000   -0.656890   
350.000000   -0.656672   
351.000000   -0.656402   
352.000000   -0.656204   
353.000000   -0.656021   
354.000000   -0.655936   
355.000000   -0.655916   
356.000000   -0.655854   
357.000000   -0.655628   
358.000000   -0.655436   
359.000000   -0.655321   
360.000000   -0.655282   
361.000000   -0.655216   
362.000000   -0.655059   
363.000000   -0.654880   
364.000000   -0.654612   
365.000000   -0.654399   
366.000000   -0.654249   
367.000000   -0.654085   
368.000000   -0.654038   
369.000000   -0.654104   
370.000000   -0.654085   
371.000000   -0.653923   
372.000000   -0.653731   
373.000000   -0.653603   
374.000000   -0.653475   
375.000000   -0.653372   
376.000000   -0.653283   
377.000000   -0.653139   
378.000000   -0.652952   
379.000000   -0.652801   
380.000000   -0.652727   
381.000000   -0.652481   
382.000000   -0.652040   
383.000000   -0.651511   
384.000000   -0.651031   
385.000000   -0.650601   
386.000000   -0.650084   
387.000000   -0.649578   
388.000000   -0.648991   
389.000000   -0.648239   
390.000000   -0.647395   
391.000000   -0.646642   
392.000000   -0.646160   
393.000000   -0.645810   
394.000000   -0.645418   
395.000000   -0.645077   
396.000000   -0.644714   
397.000000   -0.644473   
398.000000   -0.644344   
399.000000   -0.644213   
400.000000   -0.644185   
401.000000   -0.644349   
402.000000   -0.644564   
403.000000   -0.644739   
404.000000   -0.644920   
405.000000   -0.644918   
406.000000   -0.644961   
407.000000   -0.645021   
408.000000   -0.645145   
409.000000   -0.645330   
410.000000   -0.645554   
411.000000   -0.645977   
412.000000   -0.646411   
413.000000   -0.646960   
414.000000   -0.647532   
415.000000   -0.648052   
416.000000   -0.648603   
417.000000   -0.649098   
418.000000   -0.649495   
419.000000   -0.649769   
420.000000   -0.649980   
421.000000   -0.650053   
422.000000   -0.650145   
423.000000   -0.650316   
424.000000   -0.650511   
425.000000   -0.650700   
426.000000   -0.650939   
427.000000   -0.651169   
428.000000   -0.651311   
429.000000   -0.651352   
430.000000   -0.651475   
431.000000   -0.651697   
432.000000   -0.651970   
433.000000   -0.652189   
434.000000   -0.652470   
435.000000   -0.652672   
436.000000   -0.652950   
437.000000   -0.653379   
438.000000   -0.653823   
439.000000   -0.654113   
440.000000   -0.654332   
441.000000   -0.654671   
442.000000   -0.655161   
443.000000   -0.655714   
444.000000   -0.656287   
445.000000   -0.656825   
446.000000   -0.657369   
447.000000   -0.657926   
448.000000   -0.658584   
449.000000   -0.659260   
450.000000   -0.659764   
451.000000   -0.660191   
452.000000   -0.660552   
453.000000   -0.661001   
454.000000   -0.661434   
455.000000   -0.661720   
456.000000   -0.661919   
457.000000   -0.662157   
458.000000   -0.662485   
459.000000   -0.662696   
460.000000   -0.662998   
461.000000   -0.663359   
462.000000   -0.663708   
463.000000   -0.664008   
464.000000   -0.664266   
465.000000   -0.664561   
466.000000   -0.664933   
467.000000   -0.665375   
468.000000   -0.665876   
469.000000   -0.666560   
470.000000   -0.667362   
471.000000   -0.668132   
472.000000   -0.668742   
473.000000   -0.669265   
474.000000   -0.669626   
475.000000   -0.670000   
476.000000   -0.670449   
477.000000   -0.670932   
478.000000   -0.671403   
479.000000   -0.671992   
480.000000   -0.672713   
481.000000   -0.673252   
482.000000   -0.673656   
483.000000   -0.673875   
484.000000   -0.674179   
485.000000   -0.674480   
486.000000   -0.674562   
487.000000   -0.674606   
488.000000   -0.674765   
489.000000   -0.674905   
490.000000   -0.675069   
491.000000   -0.675132   
492.000000   -0.675164   
493.000000   -0.675246   
494.000000   -0.675365   
495.000000   -0.675553   
496.000000   -0.675812   
497.000000   -0.676055   
498.000000   -0.676317   
499.000000   -0.676596   
500.000000   -0.676716   
501.000000   -0.676731   
502.000000   -0.676761   
503.000000   -0.677008   
504.000000   -0.677378   
505.000000   -0.677800   
506.000000   -0.678146   
507.000000   -0.678479   
508.000000   -0.678770   
509.000000   -0.679165   
510.000000   -0.679656   
511.000000   -0.680092   
512.000000   -0.680361   
513.000000   -0.680498   
514.000000   -0.680644   
515.000000   -0.680897   
516.000000   -0.681119   
517.000000   -0.681289   
518.000000   -0.681320   
519.000000   -0.681296   
520.000000   -0.681305   
521.000000   -0.681229   
522.000000   -0.681124   
523.000000   -0.680958   
524.000000   -0.680876   
525.000000   -0.680994   
526.000000   -0.681113   
527.000000   -0.681180   
528.000000   -0.681350   
529.000000   -0.681374   
530.000000   -0.681461   
531.000000   -0.681477   
532.000000   -0.681473   
533.000000   -0.681451   
534.000000   -0.681332   
535.000000   -0.681231   
536.000000   -0.681253   
537.000000   -0.681289   
538.000000   -0.681276   
539.000000   -0.681227   
540.000000   -0.681143   
541.000000   -0.680946   
542.000000   -0.680605   
543.000000   -0.680158   
544.000000   -0.679701   
545.000000   -0.679321   
546.000000   -0.678889   
547.000000   -0.678445   
548.000000   -0.678058   
549.000000   -0.677666   
550.000000   -0.677302   
551.000000   -0.676840   
552.000000   -0.676224   
553.000000   -0.675748   
554.000000   -0.675358   
555.000000   -0.675070   
556.000000   -0.674900   
557.000000   -0.674689   
558.000000   -0.674419   
559.000000   -0.674113   
560.000000   -0.673696   
561.000000   -0.673310   
562.000000   -0.672948   
563.000000   -0.672653   
564.000000   -0.672240   
565.000000   -0.671748   
566.000000   -0.671379   
567.000000   -0.671013   
568.000000   -0.670637   
569.000000   -0.670229   
570.000000   -0.669817   
571.000000   -0.669465   
572.000000   -0.669135   
573.000000   -0.668965   
574.000000   -0.668777   
575.000000   -0.668515   
576.000000   -0.668109   
577.000000   -0.667817   
578.000000   -0.667590   
579.000000   -0.667357   
580.000000   -0.667062   
581.000000   -0.666599   
582.000000   -0.666206   
583.000000   -0.665861   
584.000000   -0.665403   
585.000000   -0.664895   
586.000000   -0.664356   
587.000000   -0.663857   
588.000000   -0.663341   
589.000000   -0.662996   
590.000000   -0.662710   
591.000000   -0.662419   
592.000000   -0.661945   
593.000000   -0.661359   
594.000000   -0.660592   
595.000000   -0.659798   
596.000000   -0.659062   
597.000000   -0.658359   
598.000000   -0.657697   
599.000000   -0.657243   
600.000000   -0.656922   
601.000000   -0.656725   
602.000000   -0.656431   
603.000000   -0.655972   
604.000000   -0.655353   
605.000000   -0.654675   
606.000000   -0.654118   
607.000000   -0.653676   
608.000000   -0.653151   
609.000000   -0.652681   
610.000000   -0.652188   
611.000000   -0.651708   
612.000000   -0.651330   
613.000000   -0.650889   
614.000000   -0.650348   
615.000000   -0.649813   
616.000000   -0.649379   
617.000000   -0.649147   
618.000000   -0.649160   
619.000000   -0.649116   
620.000000   -0.649064   
621.000000   -0.648794   
622.000000   -0.648384   
623.000000   -0.648068   
624.000000   -0.647821   
625.000000   -0.647536   
626.000000   -0.647200   
627.000000   -0.647012   
628.000000   -0.646823   
629.000000   -0.646521   
630.000000   -0.646050   
631.000000   -0.645531   
632.000000   -0.645130   
633.000000   -0.644723   
634.000000   -0.644299   
635.000000   -0.643953   
636.000000   -0.643763   
637.000000   -0.643695   
638.000000   -0.643466   
639.000000   -0.643260   
640.000000   -0.643100   
641.000000   -0.643163   
642.000000   -0.643327   
643.000000   -0.643420   
644.000000   -0.643442   
645.000000   -0.643450   
646.000000   -0.643448   
647.000000   -0.643454   
648.000000   -0.643350   
649.000000   -0.643245   
650.000000   -0.643088   
651.000000   -0.642959   
652.000000   -0.643007   
653.000000   -0.643061   
654.000000   -0.643089   
655.000000   -0.643140   
656.000000   -0.643052   
657.000000   -0.642934   
658.000000   -0.642779   
659.000000   -0.642597   
660.000000   -0.642427   
661.000000   -0.642407   
662.000000   -0.642410   
663.000000   -0.642493   
664.000000   -0.642699   
665.000000   -0.643045   
666.000000   -0.643504   
667.000000   -0.644053   
668.000000   -0.644682   
669.000000   -0.645242   
670.000000   -0.645703   
671.000000   -0.646044   
672.000000   -0.646431   
673.000000   -0.646811   
674.000000   -0.647251   
675.000000   -0.647634   
676.000000   -0.648008   
677.000000   -0.648207   
678.000000   -0.648338   
679.000000   -0.648525   
680.000000   -0.648734   
681.000000   -0.649067   
682.000000   -0.649429   
683.000000   -0.649890   
684.000000   -0.650388   
685.000000   -0.650770   
686.000000   -0.651055   
687.000000   -0.651260   
688.000000   -0.651363   
689.000000   -0.651435   
690.000000   -0.651503   
691.000000   -0.651628   
692.000000   -0.651814   
693.000000   -0.652069   
694.000000   -0.652350   
695.000000   -0.652737   
696.000000   -0.653222   
697.000000   -0.653783   
698.000000   -0.654265   
699.000000   -0.654612   
700.000000   -0.654839   
701.000000   -0.655114   
702.000000   -0.655380   
703.000000   -0.655784   
704.000000   -0.656211   
705.000000   -0.656793   
706.000000   -0.657496   
707.000000   -0.658311   
708.000000   -0.659014   
709.000000   -0.659627   
710.000000   -0.660361   
711.000000   -0.661006   
712.000000   -0.661529   
713.000000   -0.661971   
714.000000   -0.662480   
715.000000   -0.663045   
716.000000   -0.663740   
717.000000   -0.664470   
718.000000   -0.665158   
719.000000   -0.665730   
720.000000   -0.666220   
721.000000   -0.666701   
722.000000   -0.667206   
723.000000   -0.667812   
724.000000   -0.668517   
725.000000   -0.669104   
726.000000   -0.669628   
727.000000   -0.670156   
728.000000   -0.670733   
729.000000   -0.671330   
730.000000   -0.671894   
731.000000   -0.672431   
732.000000   -0.672932   
733.000000   -0.673410   
734.000000   -0.673883   
735.000000   -0.674358   
736.000000   -0.674720   
737.000000   -0.675080   
738.000000   -0.675451   
739.000000   -0.675927   
740.000000   -0.676330   
741.000000   -0.676748   
742.000000   -0.677189   
743.000000   -0.677599   
744.000000   -0.677941   
745.000000   -0.678478   
746.000000   -0.678976   
747.000000   -0.679454   
748.000000   -0.680026   
749.000000   -0.680627   
750.000000   -0.681315   
751.000000   -0.681882   
752.000000   -0.682099   
753.000000   -0.682271   
754.000000   -0.682508   
755.000000   -0.682941   
756.000000   -0.683288   
757.000000   -0.683504   
758.000000   -0.683588   
759.000000   -0.683729   
760.000000   -0.683864   
761.000000   -0.684111   
762.000000   -0.684322   
763.000000   -0.684507   
764.000000   -0.684741   
765.000000   -0.684937   
766.000000   -0.685135   
767.000000   -0.685458   
768.000000   -0.685707   
769.000000   -0.685822   
770.000000   -0.685934   
771.000000   -0.686019   
772.000000   -0.686140   
773.000000   -0.686274   
774.000000   -0.686447   
775.000000   -0.686665   
776.000000   -0.686868   
777.000000   -0.687006   
778.000000   -0.687309   
779.000000   -0.687567   
780.000000   -0.687717   
781.000000   -0.687821   
782.000000   -0.687755   
783.000000   -0.687457   
784.000000   -0.687145   
785.000000   -0.686996   
786.000000   -0.686992   
787.000000   -0.686903   
788.000000   -0.686696   
789.000000   -0.686479   
790.000000   -0.686325   
791.000000   -0.686296   
792.000000   -0.686325   
793.000000   -0.686366   
794.000000   -0.686388   
795.000000   -0.686421   
796.000000   -0.686362   
797.000000   -0.686299   
798.000000   -0.686264   
799.000000   -0.686388   
800.000000   -0.686660   
801.000000   -0.686915   
802.000000   -0.687016   
803.000000   -0.687073   
804.000000   -0.687048   
805.000000   -0.686851   
806.000000   -0.686771   
807.000000   -0.686737   
808.000000   -0.686653   
809.000000   -0.686619   
810.000000   -0.686544   
811.000000   -0.686353   
812.000000   -0.686224   
813.000000   -0.686172   
814.000000   -0.686071   
815.000000   -0.685952   
816.000000   -0.685839   
817.000000   -0.685631   
818.000000   -0.685412   
819.000000   -0.685425   
820.000000   -0.685425   
821.000000   -0.685592   
822.000000   -0.685613   
823.000000   -0.685504   
824.000000   -0.685462   
825.000000   -0.685352   
826.000000   -0.685125   
827.000000   -0.684892   
828.000000   -0.684647   
829.000000   -0.684647   
830.000000   -0.684807   
831.000000   -0.684949   
832.000000   -0.685136   
833.000000   -0.685263   
834.000000   -0.685289   
835.000000   -0.685262   
836.000000   -0.685139   
837.000000   -0.685081   
838.000000   -0.685085   
839.000000   -0.684989   
840.000000   -0.684799   
841.000000   -0.684611   
842.000000   -0.684470   
843.000000   -0.684227   
844.000000   -0.683830   
845.000000   -0.683318   
846.000000   -0.682707   
847.000000   -0.682227   
848.000000   -0.681845   
849.000000   -0.681491   
850.000000   -0.681123   
851.000000   -0.680776   
852.000000   -0.680434   
853.000000   -0.680143   
854.000000   -0.679887   
855.000000   -0.679628   
856.000000   -0.679451   
857.000000   -0.679347   
858.000000   -0.679234   
859.000000   -0.679016   
860.000000   -0.678684   
861.000000   -0.678374   
862.000000   -0.678198   
863.000000   -0.678085   
864.000000   -0.678015   
865.000000   -0.678075   
866.000000   -0.678191   
867.000000   -0.678373   
868.000000   -0.678557   
869.000000   -0.678754   
870.000000   -0.678916   
871.000000   -0.679082   
872.000000   -0.679193   
873.000000   -0.679298   
874.000000   -0.679379   
875.000000   -0.679411   
876.000000   -0.679311   
877.000000   -0.679329   
878.000000   -0.679282   
879.000000   -0.679156   
880.000000   -0.678866   
881.000000   -0.678507   
882.000000   -0.678082   
883.000000   -0.677722   
884.000000   -0.677493   
885.000000   -0.677363   
886.000000   -0.677395   
887.000000   -0.677386   
888.000000   -0.677250   
889.000000   -0.677030   
890.000000   -0.676640   
891.000000   -0.676139   
892.000000   -0.675537   
893.000000   -0.674951   
894.000000   -0.674360   
895.000000   -0.673780   
896.000000   -0.673262   
897.000000   -0.672879   
898.000000   -0.672700   
899.000000   -0.672425   
900.000000   -0.672272   
901.000000   -0.672035   
902.000000   -0.671760   
903.000000   -0.671375   
904.000000   -0.671058   
905.000000   -0.670959   
906.000000   -0.670825   
907.000000   -0.670657   
908.000000   -0.670494   
909.000000   -0.670308   
910.000000   -0.670017   
911.000000   -0.669606   
912.000000   -0.669229   
913.000000   -0.668984   
914.000000   -0.668780   
915.000000   -0.668475   
916.000000   -0.668152   
917.000000   -0.667654   
918.000000   -0.667145   
919.000000   -0.666707   
920.000000   -0.666330   
921.000000   -0.665860   
922.000000   -0.665323   
923.000000   -0.664914   
924.000000   -0.664654   
925.000000   -0.664434   
926.000000   -0.664138   
927.000000   -0.663830   
928.000000   -0.663579   
929.000000   -0.663265   
930.000000   -0.663017   
931.000000   -0.662895   
932.000000   -0.662679   
933.000000   -0.662454   
934.000000   -0.662288   
935.000000   -0.661991   
936.000000   -0.661697   
937.000000   -0.661443   
938.000000   -0.661063   
939.000000   -0.660692   
940.000000   -0.660337   
941.000000   -0.659962   
942.000000   -0.659556   
943.000000   -0.659161   
944.000000   -0.658781   
945.000000   -0.658480   
946.000000   -0.658206   
947.000000   -0.657849   
948.000000   -0.657386   
949.000000   -0.657023   
950.000000   -0.656573   
951.000000   -0.656185   
952.000000   -0.655827   
953.000000   -0.655420   
954.000000   -0.655084   
955.000000   -0.654852   
956.000000   -0.654632   
957.000000   -0.654412   
958.000000   -0.654095   
959.000000   -0.653808   
960.000000   -0.653526   
961.000000   -0.653337   
962.000000   -0.653130   
963.000000   -0.653001   
964.000000   -0.652895   
965.000000   -0.652832   
966.000000   -0.652661   
967.000000   -0.652398   
968.000000   -0.652083   
969.000000   -0.651632   
970.000000   -0.651185   
971.000000   -0.650723   
972.000000   -0.650253   
973.000000   -0.649649   
974.000000   -0.648981   
975.000000   -0.648251   
976.000000   -0.647577   
977.000000   -0.646972   
978.000000   -0.646415   
979.000000   -0.645934   
980.000000   -0.645446   
981.000000   -0.644982   
982.000000   -0.644510   
983.000000   -0.644021   
984.000000   -0.643652   
985.000000   -0.643399   
986.000000   -0.643188   
987.000000   -0.643015   
988.000000   -0.642885   
989.000000   -0.642773   
990.000000   -0.642651   
991.000000   -0.642561   
992.000000   -0.642345   
993.000000   -0.642049   
994.000000   -0.641801   
995.000000   -0.641551   
996.000000   -0.641389   
997.000000   -0.641279   
998.000000   -0.641141   
999.000000   -0.641037   
1000.000000   -0.641094   
