0 -0.751447 
1 -0.588601 
2 -0.526284 
3 -0.538194 
4 -0.568485 
5 -0.901239 
6 -0.733993 
7 -0.415525 
8 -0.547373 
9 -0.604604 
10 -0.871896 
11 -0.546227 
12 -0.804293 
13 -0.332244 
14 -1.042799 
15 -1.185277 
16 -1.416617 
17 -0.957712 
18 -0.742715 
19 -1.016225 
20 -0.304268 
21 -0.741293 
22 -1.142920 
23 -0.245598 
24 -0.185848 
25 -0.662529 
26 -0.716972 
27 -0.923290 
28 -1.007813 
29 -0.594620 
30 -0.729853 
31 -1.255103 
32 -0.995097 
33 -1.009444 
34 -0.809116 
35 -0.705890 
36 -0.968858 
37 -0.197591 
38 -0.370118 
39 -0.749818 
40 -0.467677 
41 -0.556882 
42 -0.613270 
43 -1.049995 
44 -0.207968 
45 -0.634677 
46 -0.952250 
47 -0.925345 
48 -0.650741 
49 -0.198854 
50 -0.814704 
51 -0.508926 
52 -0.888861 
53 -0.932656 
54 -0.045419 
55 -0.927103 
56 -0.830528 
57 -1.040253 
58 -1.024144 
59 -0.356508 
60 -0.587479 
61 -0.673744 
62 -1.030136 
63 -0.961358 
64 -0.682403 
65 -1.059403 
66 -0.696386 
67 -0.817765 
68 -0.438098 
69 -0.343461 
70 -0.766335 
71 -0.526343 
72 -0.423198 
73 -1.307537 
74 -0.712179 
75 -0.863743 
76 -0.751845 
77 -0.540640 
78 -0.481798 
79 -0.448083 
80 -0.970385 
81 -0.867845 
82 -0.225877 
83 -0.770306 
84 -0.589533 
85 -0.846733 
86 -0.512998 
87 -0.721786 
88 -0.592399 
89 -0.583133 
90 -0.436416 
91 -0.575181 
92 -1.044281 
93 -0.019004 
94 -1.141797 
95 -0.945756 
96 -0.554371 
97 -0.569008 
98 -0.435605 
99 -0.708965 
100 -1.240213 
101 -0.458567 
102 -0.198399 
103 -0.266170 
104 -0.926147 
105 -0.461903 
106 -0.364905 
107 -0.276194 
108 -0.974270 
109 -0.353986 
110 -0.381940 
111 -0.478704 
112 -0.959249 
113 -0.147180 
114 -1.125886 
115 -0.881587 
116 -0.268823 
117 -0.376167 
118 -0.380625 
119 -1.027717 
120 -0.772491 
121 -0.672240 
122 -0.738395 
123 -0.213190 
124 -0.797666 
125 -1.065360 
126 -0.552091 
127 -1.219092 
128 -0.522558 
129 -0.563229 
130 -0.849871 
131 -0.722510 
132 -0.494249 
133 -1.314623 
134 -0.862944 
135 -0.632491 
136 -0.689577 
137 -0.974923 
138 -1.033553 
139 -0.427018 
140 -0.360315 
141 -0.416830 
142 -0.876907 
143 -0.640099 
144 -0.600020 
145 -0.732654 
146 -1.031483 
147 -0.734555 
148 -0.915738 
149 -0.290034 
150 -0.369663 
151 -1.157543 
152 -0.353620 
153 -0.650304 
154 -0.295904 
155 -1.017129 
156 -0.662322 
157 -0.526962 
158 -0.582496 
159 -0.056798 
160 -0.736650 
161 -0.523146 
162 -0.393829 
163 -0.611980 
164 -0.849780 
165 -0.214398 
166 -0.410081 
167 -0.883877 
168 -0.854287 
169 -1.066192 
170 -0.287403 
171 -0.673583 
172 -0.272080 
173 -0.687404 
174 -1.044360 
175 -1.146323 
176 -0.943443 
177 -0.385932 
178 -0.492810 
179 -0.099064 
180 -0.279185 
181 -0.648392 
182 -0.738344 
183 -1.134377 
184 -0.936088 
185 -1.017591 
186 -0.814164 
187 -1.010399 
188 -0.723978 
189 -0.887243 
190 -0.745640 
191 -0.374801 
192 -0.674596 
193 -0.761338 
194 -0.493054 
195 -0.830090 
196 -0.914535 
197 -0.614585 
198 -0.306524 
199 -1.235765 
