0 -0.760437 
1 -1.185800 
2 -0.368704 
3 -0.852936 
4 -0.909762 
5 -0.092127 
6 -0.822126 
7 -0.657375 
8 -0.888525 
9 -0.768873 
10 -0.345881 
11 -0.991542 
12 -0.718587 
13 -0.242280 
14 -0.781194 
15 -0.986868 
16 -0.838255 
17 -0.659990 
18 -1.073857 
19 -0.924740 
20 -0.822859 
21 -0.218192 
22 -0.412375 
23 -1.066243 
24 -1.094345 
25 -1.062028 
26 -0.219558 
27 -0.977160 
28 -0.841145 
29 -0.613014 
30 -0.470831 
31 -0.775439 
32 -0.828742 
33 -1.014651 
34 -1.428718 
35 -0.600915 
36 -0.646283 
37 -0.349508 
38 -0.719173 
39 -0.726123 
40 -1.025641 
41 -0.611461 
42 -0.561751 
43 -0.587436 
44 -0.573013 
45 -0.835985 
46 -0.560360 
47 -0.679262 
48 -0.783072 
49 -0.979875 
50 -0.717836 
51 -1.167803 
52 -0.860754 
53 -0.612930 
54 -1.656064 
55 -0.694214 
56 -0.635911 
57 -0.825150 
58 -1.121845 
59 -0.618364 
60 -0.998453 
61 -0.653441 
62 -0.737552 
63 -0.744072 
64 -0.441109 
65 -0.428599 
66 -0.518964 
67 -0.836975 
68 -0.924286 
69 -0.905235 
70 -0.582234 
71 -0.653290 
72 -0.791498 
73 -0.181097 
74 -0.652971 
75 -1.007412 
76 -0.680147 
77 -0.872909 
78 -0.387761 
79 -0.880525 
80 -0.589026 
81 -0.512455 
82 -0.816802 
83 -1.211960 
84 -0.563630 
85 -1.164038 
86 -1.030711 
87 -0.627989 
88 -0.525108 
89 -1.127596 
90 -0.059019 
91 -0.625744 
92 -0.942521 
93 -1.365790 
94 -0.768771 
95 -0.663141 
96 -0.995655 
97 -0.516423 
98 -1.148595 
99 -0.754884 
100 -0.449245 
101 -0.257594 
102 -0.168082 
103 -0.133380 
104 -0.976827 
105 -1.515140 
106 -0.973132 
107 -0.637473 
108 -0.579962 
109 -0.399746 
110 -0.966069 
111 -0.840127 
112 -0.495124 
113 -1.189372 
114 -0.603859 
115 -1.026091 
116 -0.744741 
117 -0.499155 
118 -0.685615 
119 -0.916968 
120 -0.804920 
121 -0.761186 
122 -0.671179 
123 0.036723 
124 -0.845427 
125 -0.763037 
126 -0.370396 
127 -0.269681 
128 -0.782971 
129 -0.746765 
130 -0.845328 
131 -0.934793 
132 -1.154459 
133 -0.626003 
134 -1.111502 
135 -0.911993 
136 -0.873071 
137 -0.267095 
138 -0.670849 
139 -0.765191 
140 -0.812201 
141 -0.595306 
142 -0.949948 
143 -0.418496 
144 -0.545358 
145 -0.878648 
146 -1.099524 
147 -0.972031 
148 -1.071781 
149 -0.285140 
150 -0.466848 
151 -0.678883 
152 -0.288803 
153 -0.677914 
154 -0.514584 
155 -1.087491 
156 -0.601995 
157 -0.758756 
158 -1.139109 
159 -0.965975 
160 -0.822644 
161 -0.843287 
162 -0.764796 
163 -0.412585 
164 -0.887277 
165 -0.788324 
166 -1.154505 
167 -1.088368 
168 -1.177502 
169 -0.416484 
170 -1.328826 
171 -0.695386 
172 -1.036329 
173 -1.144046 
174 -0.687217 
175 -0.915621 
176 -0.947960 
177 -0.479017 
178 -1.063918 
179 -0.842357 
180 -0.516312 
181 -0.767503 
182 -0.686348 
183 -0.247522 
184 -0.931029 
185 -0.882198 
186 -0.401618 
187 -0.608179 
188 -0.360943 
189 -1.042979 
190 -0.847189 
191 -0.635617 
192 -1.222175 
193 -0.701427 
194 -0.640848 
195 -0.907534 
196 -0.315207 
197 -0.570174 
198 -0.600341 
199 -0.629589 
