1.000000000000000056e-01 -1.335508999999999835e+00
2.000000000000000111e-01 -1.331892999999999994e+00
2.999999999999999889e-01 -1.326609999999999845e+00
4.000000000000000222e-01 -1.326551000000000036e+00
5.000000000000000000e-01 -1.350277999999999867e+00
5.999999999999999778e-01 -1.258472999999999953e+00
6.999999999999999556e-01 -9.641789999999998972e-01
8.000000000000000444e-01 -4.857679999999999776e-01
9.000000000000000222e-01 -1.797519999999999119e-01
1.000000000000000000e+00 -4.782599999999992413e-02
1.100000000000000089e+00 -2.630799999999999805e-02
1.199999999999999956e+00 -3.601499999999990820e-02
1.300000000000000044e+00 0.000000000000000000e+00
1.399999999999999911e+00 -6.228999999999818016e-03
1.500000000000000000e+00 -5.522000000000026887e-03
