0 -0.829936 
1 -0.863761 
2 -0.502302 
3 -0.917132 
4 -0.779084 
5 -0.411411 
6 -0.631237 
7 -0.514331 
8 -1.285528 
9 -0.390705 
10 -0.912544 
11 -0.785657 
12 -0.922276 
13 -0.765589 
14 -0.491650 
15 -1.040251 
16 -1.182892 
17 -0.391107 
18 -0.858223 
19 -0.620447 
20 -0.437273 
21 -0.691724 
22 -0.672373 
23 -0.775222 
24 -0.641264 
25 -0.693504 
26 -0.319424 
27 -0.915306 
28 -0.575705 
29 -0.314074 
30 -0.774458 
31 -0.512756 
32 -0.592051 
33 -0.262355 
34 -0.542281 
35 -1.000617 
36 -0.425797 
37 -0.270941 
38 -0.193205 
39 -0.831767 
40 -0.675813 
41 -0.883787 
42 -1.049044 
43 -0.827827 
44 -0.312672 
45 -0.912457 
46 -0.846784 
47 -0.575753 
48 -0.850927 
49 -0.692066 
50 -0.270070 
51 -0.985321 
52 -1.300986 
53 -0.571138 
54 -0.627645 
55 -0.525814 
56 -0.567104 
57 -0.209646 
58 -1.031681 
59 -0.500562 
60 -0.772177 
61 -0.823431 
62 -0.348897 
63 -0.641464 
64 -0.151658 
65 -0.810889 
66 -0.963305 
67 -1.031808 
68 -0.488099 
69 -0.097910 
70 -0.215045 
71 -0.785997 
72 -0.434797 
73 -0.616122 
74 -1.086581 
75 -0.668435 
76 -1.274124 
77 -0.386308 
78 -0.800700 
79 -0.708621 
80 -0.832897 
81 -0.213700 
82 -0.572999 
83 -0.953179 
84 -0.578434 
85 -0.718450 
86 -0.453948 
87 -0.556423 
88 -0.300200 
89 -0.243971 
90 -0.809764 
91 -0.987312 
92 -1.126193 
93 -0.603545 
94 -0.746858 
95 -0.385719 
96 -0.547949 
97 -0.493865 
98 -0.520132 
99 -0.959667 
100 -0.848327 
101 -0.816276 
102 -0.552848 
103 -0.198191 
104 -0.263850 
105 -0.886594 
106 -0.672904 
107 -0.246928 
108 -0.886407 
109 -0.373940 
110 -0.865768 
111 -1.041118 
112 -1.062435 
113 -1.028702 
114 -0.500019 
115 -0.892394 
116 -0.671971 
117 -1.226025 
118 -0.547349 
119 -0.861979 
120 -0.579982 
121 -1.120349 
122 -0.723703 
123 -0.544200 
124 -0.871207 
125 -0.822872 
126 -1.087278 
127 -0.628329 
128 -1.035375 
129 -1.440818 
130 -0.379283 
131 -0.843462 
132 -0.588665 
133 -0.527947 
134 -1.348088 
135 -0.886440 
136 -0.385082 
137 -0.531391 
138 -0.895993 
139 -0.259201 
140 -0.291224 
141 -1.297225 
142 -0.847973 
143 -0.874667 
144 -0.550826 
145 -0.948731 
146 -0.269601 
147 -0.654761 
148 -0.734553 
149 -0.964285 
150 -0.955723 
151 -0.280850 
152 -0.756051 
153 -0.572532 
154 -0.845026 
155 -0.599322 
156 -0.398343 
157 -0.336587 
158 -1.122255 
159 -0.833358 
160 -1.176057 
161 -0.684494 
162 -1.366628 
163 -0.472222 
164 -0.812370 
165 -0.913772 
166 -0.631161 
167 -0.452825 
168 -0.945279 
169 -0.369141 
170 -0.700248 
171 -0.803399 
172 -0.401994 
173 -0.249055 
174 -0.592777 
175 -0.695072 
176 -0.990618 
177 -0.383274 
178 -0.722752 
179 -0.274571 
180 -0.959466 
181 -0.606800 
182 -0.987377 
183 -0.734435 
184 -0.602294 
185 -0.679789 
186 -0.850206 
187 -1.017265 
188 -0.887305 
189 -0.781264 
190 -0.335052 
191 -0.686620 
192 -1.214244 
193 -0.179535 
194 -0.699816 
195 -0.684297 
196 -0.829357 
197 -0.886364 
198 -0.438474 
199 -0.385395 
