0 -0.418213 
1 -0.679780 
2 -1.243543 
3 -0.666636 
4 -1.234509 
5 -0.603968 
6 -1.247953 
7 -1.072702 
8 -0.700133 
9 -1.071572 
10 -0.243567 
11 -0.896335 
12 -0.702801 
13 -1.012922 
14 -0.596468 
15 -0.330129 
16 -0.557407 
17 -0.582940 
18 -0.782701 
19 -0.707560 
20 -0.372520 
21 -0.500468 
22 -1.242653 
23 -0.247358 
24 -0.155286 
25 -0.663814 
26 -0.477437 
27 -0.700607 
28 -0.640062 
29 -0.541828 
30 -0.512727 
31 -0.465855 
32 -0.178030 
33 -0.457949 
34 -0.719515 
35 -0.293337 
36 -0.468077 
37 -0.941024 
38 -0.821315 
39 -0.680153 
40 -0.319079 
41 -0.505463 
42 -0.858024 
43 -0.273890 
44 -0.734163 
45 -0.259504 
46 -0.783410 
47 -0.459711 
48 -0.495667 
49 -0.093599 
50 -0.225389 
51 -1.103412 
52 -0.524710 
53 -0.859879 
54 -0.572469 
55 -0.301901 
56 -0.619864 
57 -0.739090 
58 -0.895843 
59 -0.635297 
60 -0.607856 
61 -0.698001 
62 -0.592626 
63 -0.729350 
64 -0.243517 
65 -0.669685 
66 -0.756944 
67 0.068567 
68 -1.006809 
69 -0.520208 
70 -0.453824 
71 -0.733241 
72 -0.635320 
73 -0.203856 
74 -0.915906 
75 -0.620739 
76 -0.850766 
77 -0.574842 
78 -0.843905 
79 -0.851975 
80 -1.162818 
81 -1.215523 
82 -0.765722 
83 -0.871056 
84 -0.909664 
85 -0.136391 
86 -1.055127 
87 -0.418900 
88 -0.448184 
89 -0.638787 
90 -1.124036 
91 -0.489363 
92 -0.250342 
93 -1.076277 
94 -0.579812 
95 -0.484077 
96 -0.207050 
97 -0.797159 
98 -1.021912 
99 -1.138379 
100 -0.257047 
101 -0.346586 
102 -0.300718 
103 -0.281642 
104 -0.887519 
105 -0.648778 
106 -0.449586 
107 -0.778881 
108 -0.750983 
109 -0.965561 
110 -0.812309 
111 -0.343052 
112 -0.581240 
113 -0.362404 
114 -0.898536 
115 -0.228834 
116 -0.597699 
117 -0.757438 
118 -0.744731 
119 -0.822483 
120 -0.310566 
121 -0.793414 
122 -0.774297 
123 -0.790994 
124 -0.324388 
125 -0.498251 
126 -0.623394 
127 -0.601737 
128 -1.059372 
129 -0.765201 
130 -0.320801 
131 -0.888448 
132 -0.577404 
133 -0.397560 
134 -0.590836 
135 -0.320275 
136 -0.064771 
137 -0.698650 
138 -0.789745 
139 -0.940172 
140 -0.510498 
141 -0.714041 
142 -0.508106 
143 -0.665924 
144 -1.335531 
145 -0.704608 
146 -0.163205 
147 -0.567475 
148 -0.228014 
149 -0.846876 
150 -0.657042 
151 -0.396070 
152 -0.564335 
153 -0.624990 
154 -0.458209 
155 -0.544497 
156 -0.577013 
157 -0.207711 
158 -0.750382 
159 -0.863641 
160 -0.867114 
161 -1.136310 
162 -0.837281 
163 -0.610254 
164 -0.745338 
165 -0.577242 
166 -0.564188 
167 -0.328066 
168 -0.651996 
169 -0.976573 
170 -0.612945 
171 -0.703905 
172 -0.820434 
173 -0.549648 
174 -0.263530 
175 -1.331647 
176 -0.770117 
177 -0.722390 
178 -0.443112 
179 -0.455018 
180 -0.517482 
181 -0.250685 
182 -0.409779 
183 -0.982421 
184 -0.502019 
185 -0.666079 
186 -0.702510 
187 -0.938763 
188 -0.660629 
189 -0.764798 
190 -0.928932 
191 -0.698945 
192 -0.486357 
193 -0.748363 
194 -0.526063 
195 -0.613094 
196 -1.266630 
197 -0.467825 
198 -0.835696 
199 -0.792316 
