0 -0.254773 
1 0.204382 
2 0.104986 
3 -0.021089 
4 0.163554 
5 -0.328263 
6 -0.292490 
7 0.151520 
8 -0.011400 
9 -0.161320 
10 -0.140123 
11 0.306687 
12 -0.350329 
13 0.300137 
14 0.040096 
15 0.007078 
16 -0.066766 
17 0.078911 
18 0.201088 
19 0.141558 
20 -0.040766 
21 0.238990 
22 -0.177050 
23 0.120485 
24 0.114334 
25 -0.222785 
26 -0.037178 
27 -0.143272 
28 -0.011150 
29 0.141794 
30 -0.289206 
31 0.078646 
32 -0.215297 
33 0.025133 
34 -0.197514 
35 -0.154175 
36 -0.042037 
37 -0.393239 
38 0.114678 
39 -0.439677 
40 0.311282 
41 0.228649 
42 -0.084415 
43 -0.142819 
44 -0.138667 
45 0.102479 
46 -0.579943 
47 -0.094892 
48 0.008286 
49 0.015556 
50 0.036336 
51 -0.081046 
52 0.049142 
53 0.005993 
54 0.365993 
55 0.007914 
56 0.293304 
57 -0.230363 
58 -0.439309 
59 -0.045465 
60 0.042408 
61 0.343839 
62 -0.034042 
63 0.080492 
64 -0.008433 
65 0.051358 
66 -0.087092 
67 -0.108534 
68 -0.097584 
69 -0.293699 
70 0.167521 
71 -0.222841 
72 -0.294573 
73 -0.556914 
74 -0.126282 
75 0.177329 
76 -0.250152 
77 -0.269518 
78 0.043647 
79 -0.043499 
80 -0.131749 
81 -0.094362 
82 0.159317 
83 0.286998 
84 -0.331824 
85 0.379227 
86 -0.306661 
87 -0.118016 
88 0.197163 
89 -0.051174 
90 -0.039450 
91 0.069375 
92 -0.406498 
93 -0.032807 
94 -0.310553 
95 -0.248791 
96 -0.201203 
97 -0.082874 
98 -0.050190 
99 0.070563 
100 -0.199884 
101 0.047590 
102 -0.500849 
103 -0.092524 
104 0.060476 
105 -0.258202 
106 -0.016538 
107 0.180984 
108 -0.101654 
109 0.163063 
110 0.174057 
111 -0.182518 
112 -0.117443 
113 0.057133 
114 0.080990 
115 -0.011002 
116 -0.180749 
117 -0.042604 
118 0.002599 
119 -0.017380 
120 -0.433798 
121 0.021418 
122 0.011032 
123 -0.059009 
124 0.223376 
125 -0.342654 
126 0.163824 
127 0.032619 
128 -0.104939 
129 0.250680 
130 -0.008428 
131 0.142355 
132 0.029406 
133 -0.135754 
134 0.064039 
135 -0.076613 
136 0.023752 
137 0.276755 
138 0.326012 
139 -0.197257 
140 -0.112726 
141 -0.436387 
142 0.000702 
143 -0.174835 
144 -0.185340 
145 -0.201331 
146 0.167269 
147 -0.011430 
148 -0.057831 
149 0.165965 
150 0.101923 
151 0.115458 
152 0.104694 
153 -0.565908 
154 0.027496 
155 0.249455 
156 0.287802 
157 0.125910 
158 -0.269671 
159 -0.226047 
160 -0.434569 
161 -0.333894 
162 0.284114 
163 -0.657024 
164 -0.175983 
165 -0.875623 
166 0.188672 
167 0.103401 
168 -0.086914 
169 0.015119 
170 -0.254035 
171 -0.072046 
172 0.339318 
173 0.187474 
174 -0.210492 
175 -0.055694 
176 0.192240 
177 0.114678 
178 -0.266554 
179 -0.119094 
180 -0.704171 
181 0.168921 
182 -0.225266 
183 0.083278 
184 -0.163120 
185 0.164233 
186 0.306691 
187 0.151536 
188 0.024943 
189 -0.086814 
190 0.085554 
191 0.138998 
192 -0.239913 
193 0.320431 
194 0.213549 
195 -0.276607 
196 -0.492228 
197 -0.115721 
198 -0.074250 
199 -0.284995 
