0 -0.497913 
1 -0.987298 
2 -0.403377 
3 -0.785036 
4 -0.608103 
5 -1.032710 
6 -0.541394 
7 -0.804070 
8 -0.603011 
9 -1.120233 
10 -0.828562 
11 -0.842529 
12 -1.077619 
13 -0.697657 
14 -0.415253 
15 -0.504068 
16 -0.347726 
17 -0.754476 
18 -0.651932 
19 -0.963829 
20 -0.843779 
21 -0.526083 
22 -0.839799 
23 -0.697620 
24 -0.293925 
25 -0.728830 
26 -0.163937 
27 -0.582614 
28 -0.740964 
29 -0.556714 
30 -0.712637 
31 -0.700288 
32 -0.420611 
33 -0.150143 
34 -0.364034 
35 -0.830312 
36 -0.160030 
37 -0.894856 
38 -1.084372 
39 -1.144192 
40 -0.544953 
41 -0.961609 
42 -0.680253 
43 -0.937682 
44 -0.110757 
45 -0.833595 
46 -0.214997 
47 -0.437599 
48 -0.851383 
49 -0.574169 
50 -0.891378 
51 -0.800524 
52 -0.678051 
53 -0.085635 
54 -1.054109 
55 -0.588546 
56 -0.432507 
57 -0.491881 
58 -1.317696 
59 -0.636119 
60 -0.437127 
61 -0.147250 
62 -0.895221 
63 -0.534237 
64 -1.068415 
65 -0.202155 
66 -0.842140 
67 -0.537921 
68 -0.837610 
69 -0.877620 
70 -0.852080 
71 -0.749902 
72 -0.039035 
73 -0.198202 
74 -0.280655 
75 -0.621367 
76 -0.704223 
77 -0.640649 
78 -0.351077 
79 -0.825559 
80 -0.725824 
81 -0.722523 
82 -0.126796 
83 -0.704905 
84 -1.060076 
85 -0.325679 
86 -0.920511 
87 -0.977786 
88 -0.676870 
89 -0.777517 
90 -0.599419 
91 0.018005 
92 -0.443648 
93 -0.594764 
94 -0.343395 
95 -0.353430 
96 -0.461259 
97 -0.652973 
98 -0.368681 
99 -0.912715 
100 -0.658001 
101 -0.453792 
102 -0.462088 
103 -0.559950 
104 -0.333145 
105 -0.895612 
106 -0.476080 
107 -0.382728 
108 -0.492556 
109 -0.879443 
110 -0.726039 
111 -0.924964 
112 -0.914994 
113 -0.410488 
114 -0.744084 
115 -0.670361 
116 -1.133914 
117 -0.670880 
118 -0.565448 
119 -0.502053 
120 -0.752116 
121 -0.632285 
122 -1.196837 
123 -0.181193 
124 -0.449903 
125 -0.355313 
126 -0.342072 
127 -0.722597 
128 -0.579095 
129 -0.591281 
130 -0.601873 
131 -0.690984 
132 -0.845775 
133 -0.711123 
134 -0.289276 
135 -0.720734 
136 -0.811095 
137 -0.745561 
138 -0.949665 
139 -0.809637 
140 -0.573583 
141 -0.506675 
142 -0.590758 
143 -0.551791 
144 -0.899404 
145 -0.734665 
146 -0.407554 
147 -0.670388 
148 -0.338518 
149 -0.903225 
150 -0.248040 
151 -0.790300 
152 -0.817106 
153 -0.406547 
154 -0.862356 
155 -0.964798 
156 -0.868910 
157 -0.774860 
158 -0.474236 
159 -0.708649 
160 -0.791455 
161 -0.268982 
162 -0.347163 
163 -0.464902 
164 -0.691121 
165 -0.536623 
166 -0.958774 
167 -0.271186 
168 -0.459659 
169 -0.697488 
170 -0.527859 
171 -0.714314 
172 -0.121651 
173 -0.234361 
174 -0.556568 
175 -1.001547 
176 -0.777754 
177 -0.658366 
178 -0.693050 
179 -0.244745 
180 -0.839461 
181 -0.213358 
182 -0.233437 
183 -0.682320 
184 -0.652927 
185 -0.595746 
186 -0.807214 
187 -0.393896 
188 -0.291604 
189 -0.315686 
190 -0.357953 
191 -0.486136 
192 -0.619565 
193 -0.738248 
194 -0.823829 
195 -0.668224 
196 -0.546924 
197 -0.927408 
198 -0.889046 
199 -0.630980 
