0 -0.064273 
1 -0.174174 
2 0.080872 
3 -0.235350 
4 -0.166450 
5 -0.135527 
6 -0.106923 
7 -0.086124 
8 -0.238033 
9 -0.048407 
10 0.192707 
11 0.095976 
12 -0.050545 
13 -0.415758 
14 -0.035267 
15 0.160959 
16 -0.220482 
17 -0.439487 
18 -0.019207 
19 -0.179120 
20 -0.118463 
21 -0.046168 
22 -0.406251 
23 -0.278851 
24 0.146435 
25 -0.295478 
26 -0.210261 
27 -0.483943 
28 0.053681 
29 -0.067388 
30 -0.363333 
31 -0.314847 
32 -0.196451 
33 0.082071 
34 -0.400876 
35 -0.477104 
36 0.071237 
37 -0.105609 
38 0.336627 
39 0.076741 
40 -0.328365 
41 -0.109013 
42 -0.131666 
43 -0.006700 
44 -0.093325 
45 -0.249860 
46 -0.166434 
47 -0.363592 
48 -0.133826 
49 -0.060316 
50 -0.314570 
51 -0.031358 
52 -0.292108 
53 -0.296167 
54 -0.297157 
55 -0.003167 
56 -0.694336 
57 -0.223586 
58 -0.214619 
59 -0.502319 
60 -0.012106 
61 -0.289935 
62 -0.216252 
63 -0.337702 
64 -0.003570 
65 0.020492 
66 0.177887 
67 0.163333 
68 -0.115186 
69 -0.221076 
70 0.046571 
71 -0.003592 
72 -0.068600 
73 -0.701447 
74 -0.376879 
75 -0.444066 
76 -0.089234 
77 -0.056877 
78 -0.360928 
79 0.182686 
80 -0.323734 
81 -0.264459 
82 -0.087958 
83 0.305816 
84 -0.145885 
85 -0.086699 
86 -0.182275 
87 -0.074094 
88 0.100522 
89 0.077150 
90 0.137922 
91 -0.334664 
92 0.025969 
93 -0.149769 
94 0.154770 
95 0.027555 
96 -0.007008 
97 -0.256443 
98 -0.677893 
99 -0.291196 
100 -0.248580 
101 -0.432010 
102 -0.111879 
103 -0.159211 
104 0.195663 
105 0.062439 
106 -0.087757 
107 -0.183730 
108 -0.272199 
109 -0.152759 
110 -0.084343 
111 -0.328426 
112 -0.479509 
113 0.209686 
114 0.035244 
115 0.318338 
116 0.036273 
117 -0.076610 
118 0.004348 
119 -0.392408 
120 0.224359 
121 0.083261 
122 -0.353095 
123 -0.130934 
124 0.086335 
125 -0.288852 
126 0.160972 
127 -0.524950 
128 -0.374559 
129 -0.316856 
130 -0.102735 
131 -0.258540 
132 -0.331062 
133 -0.267135 
134 0.042101 
135 -0.036231 
136 0.135767 
137 0.353553 
138 -0.272662 
139 -0.401251 
140 0.019005 
141 0.075694 
142 0.153866 
143 -0.222724 
144 -0.263498 
145 -0.242997 
146 -0.190738 
147 0.060606 
148 0.112278 
149 0.207193 
150 0.006215 
151 0.171622 
152 -0.187568 
153 0.022003 
154 -0.249271 
155 -0.105949 
156 -0.468416 
157 -0.224176 
158 -0.035436 
159 -0.022751 
160 -0.287891 
161 0.306045 
162 -0.213823 
163 0.417992 
164 -0.269872 
165 -0.455153 
166 -0.108069 
167 0.114764 
168 0.045687 
169 -0.205684 
170 -0.207331 
171 -0.237560 
172 -0.259990 
173 -0.198986 
174 -0.105775 
175 -0.089619 
176 0.143462 
177 -0.271593 
178 0.089972 
179 -0.181353 
180 -0.498433 
181 -0.076305 
182 0.137639 
183 0.018632 
184 -0.228609 
185 0.021160 
186 -0.121247 
187 -0.163230 
188 -0.140189 
189 0.108887 
190 -0.087622 
191 0.046229 
192 0.213400 
193 0.100817 
194 0.054758 
195 0.098238 
196 -0.140517 
197 0.071566 
198 -0.219466 
199 0.238201 
