0 -0.253071 
1 -1.389624 
2 -0.505576 
3 -0.021688 
4 -0.561694 
5 -0.800351 
6 -0.898278 
7 -0.479165 
8 -0.111199 
9 -0.421518 
10 -0.309948 
11 -0.816464 
12 -0.166024 
13 -0.807672 
14 -0.897426 
15 -0.749272 
16 -0.464657 
17 -0.646655 
18 -0.731061 
19 -0.637086 
20 -0.274847 
21 -0.315870 
22 -0.802510 
23 -0.265945 
24 -0.659747 
25 -0.749220 
26 -0.675553 
27 -0.458294 
28 -0.966613 
29 -0.703137 
30 -0.674877 
31 -0.657171 
32 -1.012947 
33 -0.330281 
34 -1.245519 
35 -0.617899 
36 -0.971390 
37 -0.705196 
38 -0.807114 
39 -0.618208 
40 -0.469963 
41 -0.165638 
42 -0.966068 
43 -0.196071 
44 -0.777787 
45 -0.741944 
46 -0.627491 
47 -1.150073 
48 -0.243329 
49 -0.320686 
50 -0.844239 
51 -0.961325 
52 -0.574869 
53 -0.387347 
54 -0.568667 
55 -1.099715 
56 -0.253183 
57 -0.724906 
58 -0.945491 
59 -0.601475 
60 -0.609387 
61 -0.892156 
62 -0.855954 
63 -0.173996 
64 -0.377457 
65 -0.740937 
66 -0.704183 
67 -0.839718 
68 -0.223606 
69 -0.812328 
70 -0.411257 
71 -0.270519 
72 -0.490625 
73 -0.725400 
74 -1.252795 
75 -0.822973 
76 -0.262546 
77 -0.461472 
78 -0.532094 
79 -0.483019 
80 -1.137444 
81 -0.491656 
82 -0.773547 
83 -1.053543 
84 -0.709730 
85 -0.995213 
86 -1.043176 
87 -0.976826 
88 -0.903507 
89 -0.810544 
90 -0.234876 
91 -0.606124 
92 -1.295419 
93 -0.812882 
94 -0.835071 
95 -0.838197 
96 -0.320308 
97 -1.328564 
98 -0.554386 
99 -0.582664 
100 -1.024023 
101 -0.529517 
102 -0.765484 
103 -0.868889 
104 -0.388543 
105 -0.770878 
106 -0.704099 
107 -0.086103 
108 -0.728210 
109 -0.595324 
110 -0.072996 
111 -0.828097 
112 -0.676381 
113 -1.103737 
114 -0.131412 
115 -0.443947 
116 -0.972575 
117 -0.400819 
118 -0.563094 
119 -1.003280 
120 -0.349254 
121 -1.156952 
122 -0.817590 
123 -0.355462 
124 -1.040217 
125 -0.432535 
126 -0.969118 
127 -0.467903 
128 -0.880012 
129 -1.116932 
130 -0.755955 
131 -0.643423 
132 -0.783870 
133 -1.137426 
134 -0.575338 
135 -0.778216 
136 -0.229526 
137 -0.574031 
138 -0.557751 
139 -0.193945 
140 -0.952327 
141 -1.177814 
142 -0.423163 
143 -0.896928 
144 -0.528193 
145 -0.533869 
146 -0.223208 
147 -0.506266 
148 -0.415619 
149 -1.262458 
150 -0.803826 
151 -0.186552 
152 -1.007766 
153 -0.511600 
154 -0.471675 
155 -0.826861 
156 -0.274433 
157 -0.455821 
158 -0.448743 
159 -1.343239 
160 -0.876362 
161 -0.511950 
162 -0.771238 
163 -0.616525 
164 -0.738566 
165 -0.743461 
166 -0.522656 
167 -1.075693 
168 -0.877148 
169 -0.249016 
170 -1.163895 
171 -0.546040 
172 -0.338186 
173 -0.346539 
174 -1.125229 
175 -0.477256 
176 -1.248017 
177 -0.821261 
178 -0.519802 
179 -0.991746 
180 -0.741992 
181 -1.141013 
182 -0.675718 
183 -0.678529 
184 -0.841374 
185 -0.747649 
186 -0.471233 
187 -0.848495 
188 -0.670995 
189 -0.857834 
190 -0.397247 
191 -0.432195 
192 -1.151381 
193 -0.930519 
194 -0.156234 
195 -1.310771 
196 -0.546024 
197 -0.275275 
198 -0.634292 
199 -0.506457 
