0 -0.542655 
1 -1.109668 
2 -0.509473 
3 -0.500499 
4 -0.606719 
5 -0.067503 
6 -1.094667 
7 -1.073607 
8 -0.678598 
9 -0.606822 
10 -0.668757 
11 -0.565678 
12 -0.526535 
13 -0.759988 
14 -0.984920 
15 -0.290162 
16 -1.360328 
17 -0.870787 
18 -0.392423 
19 -0.842334 
20 -0.537718 
21 -1.137073 
22 -1.034929 
23 -0.677415 
24 -1.084832 
25 -0.330941 
26 -0.686572 
27 -0.695054 
28 -0.548559 
29 -0.579129 
30 -0.378167 
31 -0.374796 
32 -0.954212 
33 -0.600322 
34 -0.188256 
35 -0.452568 
36 -0.502880 
37 -0.676085 
38 -0.916464 
39 -0.795893 
40 -0.680753 
41 -0.733474 
42 -1.141089 
43 -0.979624 
44 -0.905362 
45 -0.476346 
46 -0.650129 
47 -0.214436 
48 -0.700358 
49 -0.870441 
50 -0.707988 
51 -0.420813 
52 -0.752807 
53 -0.633930 
54 -1.249316 
55 -0.657696 
56 -0.580269 
57 -0.267304 
58 -0.807096 
59 -0.409405 
60 -0.522643 
61 -0.758346 
62 -1.033096 
63 -0.550879 
64 -0.970171 
65 -1.101374 
66 -0.280821 
67 -0.587546 
68 -0.872953 
69 -0.896008 
70 -1.007925 
71 -0.175295 
72 -0.926122 
73 -0.628232 
74 -0.327852 
75 -0.245126 
76 -0.472881 
77 -0.734200 
78 -0.762762 
79 -0.813987 
80 -0.460198 
81 -0.449939 
82 -0.273487 
83 -0.959393 
84 -0.263104 
85 -0.819507 
86 -0.340938 
87 -1.134835 
88 -0.551619 
89 -0.576651 
90 -0.799830 
91 -0.557208 
92 -0.508875 
93 -0.197723 
94 -0.402751 
95 -0.930582 
96 -0.120930 
97 -0.745311 
98 -0.262217 
99 -0.558438 
100 -0.451794 
101 -0.635220 
102 -0.790923 
103 -0.160396 
104 -0.513735 
105 -0.170336 
106 -0.702679 
107 -0.368899 
108 -0.290106 
109 -0.450756 
110 -0.327846 
111 -0.479847 
112 -0.722360 
113 -0.482249 
114 -0.908018 
115 -0.419043 
116 -0.720873 
117 -0.449582 
118 -0.991290 
119 -0.817123 
120 -0.741011 
121 -0.621246 
122 -0.596736 
123 -1.019465 
124 -1.061692 
125 -0.413622 
126 -0.457576 
127 -0.599125 
128 -0.738799 
129 -0.370762 
130 -0.288944 
131 -0.689995 
132 -0.661716 
133 -0.657683 
134 -0.468370 
135 -0.732584 
136 -1.079408 
137 -1.146603 
138 -0.777990 
139 -0.083955 
140 -0.775357 
141 -0.241967 
142 -0.379309 
143 -0.388696 
144 -1.404634 
145 -0.617549 
146 -0.577678 
147 -0.544537 
148 -0.334120 
149 -0.700102 
150 -1.234662 
151 -0.602071 
152 -0.758939 
153 -0.859369 
154 -0.476747 
155 -0.567594 
156 -0.969202 
157 -0.495270 
158 -0.917278 
159 -1.173967 
160 -0.720401 
161 -1.351479 
162 -0.056937 
163 -1.077647 
164 -1.228259 
165 -1.141354 
166 -0.736205 
167 -0.642220 
168 -0.154380 
169 -0.103628 
170 -0.268933 
171 -0.860169 
172 -0.429462 
173 -0.210627 
174 -0.022463 
175 -0.940203 
176 -0.321809 
177 -0.506747 
178 -1.042270 
179 -0.679168 
180 -0.590811 
181 -0.661585 
182 -0.425668 
183 -1.046699 
184 -0.135828 
185 -1.082478 
186 -0.623524 
187 -0.757227 
188 -1.020503 
189 -0.602884 
190 -0.365475 
191 -0.368000 
192 -0.800532 
193 -0.696447 
194 -1.054082 
195 -1.034139 
196 -0.503541 
197 -0.850911 
198 -1.023625 
199 -1.195850 
