0 -0.074546 
1 -0.015604 
2 -0.113792 
3 -0.014982 
4 -0.195539 
5 0.031269 
6 0.081700 
7 0.282907 
8 0.308582 
9 -0.083270 
10 -0.321232 
11 -0.028100 
12 0.008247 
13 0.004208 
14 -0.627148 
15 -0.094786 
16 0.063329 
17 0.154924 
18 -0.099989 
19 0.159150 
20 -0.043004 
21 0.050671 
22 -0.122270 
23 0.110191 
24 0.013106 
25 0.141171 
26 0.255228 
27 -0.104876 
28 0.073160 
29 -0.534108 
30 0.042897 
31 -0.227976 
32 0.234708 
33 0.152544 
34 -0.256077 
35 0.205492 
36 -0.396034 
37 -0.152027 
38 -0.097266 
39 0.166122 
40 0.113701 
41 -0.014086 
42 0.075619 
43 0.076697 
44 -0.034245 
45 -0.166806 
46 -0.177529 
47 -0.269980 
48 -0.193289 
49 -0.229947 
50 -0.302025 
51 -0.098605 
52 -0.079851 
53 -0.083739 
54 -0.197146 
55 -0.154302 
56 0.207035 
57 0.087449 
58 -0.258033 
59 -0.102017 
60 0.204456 
61 0.018020 
62 -0.284197 
63 0.142805 
64 -0.044091 
65 0.110287 
66 -0.321414 
67 -0.032825 
68 -0.144933 
69 -0.012609 
70 -0.235459 
71 0.148257 
72 0.211126 
73 -0.050554 
74 -0.335858 
75 -0.002260 
76 0.138523 
77 -0.043016 
78 -0.097667 
79 -0.412503 
80 -0.061312 
81 0.077123 
82 0.052368 
83 0.009150 
84 0.171018 
85 0.013486 
86 0.031800 
87 -0.165505 
88 0.123311 
89 0.125897 
90 -0.293895 
91 0.160736 
92 0.186102 
93 -0.186290 
94 -0.010979 
95 0.139793 
96 -0.230197 
97 0.226716 
98 -0.052026 
99 -0.337155 
100 0.185583 
101 -0.153769 
102 -0.113945 
103 -0.048741 
104 0.156461 
105 0.390603 
106 -0.018717 
107 0.097341 
108 -0.073936 
109 0.088027 
110 -0.093466 
111 -0.277712 
112 -0.182749 
113 -0.229046 
114 0.022352 
115 -0.121963 
116 -0.112899 
117 -0.028509 
118 0.166932 
119 0.071331 
120 0.108572 
121 -0.001264 
122 0.171230 
123 -0.213603 
124 -0.035138 
125 -0.495335 
126 -0.077273 
127 -0.006809 
128 -0.204480 
129 -0.328034 
130 0.205242 
131 0.145436 
132 0.050722 
133 0.480288 
134 0.168487 
135 -0.324502 
136 0.086120 
137 -0.139175 
138 -0.041203 
139 -0.187221 
140 0.217327 
141 0.034461 
142 0.177487 
143 0.013432 
144 0.009914 
145 0.111364 
146 0.290615 
147 -0.056818 
148 0.101622 
149 0.032958 
150 -0.017598 
151 -0.226267 
152 -0.023831 
153 -0.060973 
154 0.154490 
155 0.026711 
156 0.248495 
157 0.137271 
158 0.202648 
159 -0.464428 
160 0.176786 
161 -0.047879 
162 -0.130102 
163 -0.110634 
164 -0.029527 
165 0.004627 
166 0.342953 
167 0.215639 
168 -0.250076 
169 -0.032060 
170 0.152304 
171 0.142228 
172 -0.075252 
173 -0.066008 
174 -0.109683 
175 -0.170313 
176 0.151703 
177 -0.072630 
178 -0.027865 
179 -0.089607 
180 0.227486 
181 0.056901 
182 0.279559 
183 -0.232084 
184 -0.098876 
185 -0.152145 
186 0.095627 
187 -0.059969 
188 -0.002260 
189 0.022603 
190 0.042503 
191 0.274025 
192 -0.223357 
193 -0.226518 
194 -0.134249 
195 0.031558 
196 -0.070068 
197 -0.001392 
198 -0.140598 
199 0.031469 
