0 -0.709102 
1 -1.063517 
2 -0.793311 
3 -0.545675 
4 -0.695082 
5 -0.377239 
6 -0.277053 
7 -1.070368 
8 -0.460827 
9 -0.846866 
10 -0.522974 
11 -1.093526 
12 -0.886949 
13 -1.345571 
14 -0.182738 
15 -1.073183 
16 -0.887736 
17 -0.381573 
18 -0.695458 
19 -0.535209 
20 -0.224618 
21 -0.408588 
22 -0.391216 
23 -0.926675 
24 -0.159579 
25 -0.467977 
26 -1.465745 
27 -0.311989 
28 -0.787691 
29 -0.668639 
30 -0.867066 
31 -1.260496 
32 -0.827896 
33 -0.389546 
34 -0.596325 
35 -0.640736 
36 -0.894789 
37 -0.396238 
38 -0.418439 
39 -0.318454 
40 -0.810117 
41 -0.576490 
42 -0.833606 
43 -0.810753 
44 -0.267225 
45 -0.559620 
46 -0.325651 
47 -0.730937 
48 -0.336008 
49 -0.688799 
50 -0.625083 
51 -0.919775 
52 -0.969132 
53 -0.894822 
54 -0.351507 
55 -1.115059 
56 -0.270272 
57 -0.953600 
58 -0.751642 
59 -0.591404 
60 -0.503465 
61 -0.738259 
62 -0.277688 
63 -0.545550 
64 -1.271889 
65 -1.034079 
66 -1.032662 
67 -0.795421 
68 -0.738475 
69 -0.153462 
70 -0.939895 
71 -1.054985 
72 -0.269413 
73 -1.000191 
74 -0.481393 
75 -0.660432 
76 -0.196272 
77 -0.931479 
78 -0.807134 
79 -0.261399 
80 -1.070735 
81 -0.497994 
82 -0.365375 
83 -0.870114 
84 -0.791748 
85 -1.027631 
86 -1.169700 
87 -0.613383 
88 -1.305094 
89 -0.979642 
90 -0.680294 
91 -0.808397 
92 -0.782064 
93 -0.784195 
94 -0.522209 
95 -1.161229 
96 -1.239180 
97 -0.266150 
98 -0.727822 
99 -0.851244 
100 -0.404238 
101 -0.839433 
102 -0.738429 
103 -0.358139 
104 -0.856698 
105 -0.796098 
106 -1.084498 
107 -0.735521 
108 -1.250004 
109 -0.470932 
110 -0.400325 
111 -0.461483 
112 -1.211111 
113 -0.261336 
114 -0.317019 
115 -1.123604 
116 -0.285996 
117 -0.431980 
118 -0.308383 
119 -0.891935 
120 -0.566934 
121 -0.944758 
122 -1.341731 
123 -0.295086 
124 -0.776751 
125 -0.854433 
126 -0.440484 
127 -1.052714 
128 -0.544790 
129 -1.039794 
130 -0.451855 
131 -0.498797 
132 -0.795175 
133 -1.061563 
134 -0.900430 
135 -0.516995 
136 -1.010353 
137 -0.899212 
138 -0.536572 
139 -0.945576 
140 -0.853111 
141 -0.207057 
142 -0.434074 
143 -0.520611 
144 -1.308518 
145 -1.180576 
146 -0.485264 
147 -0.446906 
148 -0.774164 
149 -0.660252 
150 -0.486246 
151 -0.567411 
152 -1.322149 
153 -0.572808 
154 -0.422688 
155 -0.228355 
156 -0.728086 
157 -0.938816 
158 -0.594111 
159 -0.498469 
160 -0.906561 
161 -1.199782 
162 -0.428227 
163 -0.994794 
164 -1.037033 
165 -0.622594 
166 -0.604089 
167 -0.923152 
168 -0.214253 
169 -0.686894 
170 -0.439807 
171 -0.804319 
172 -1.332824 
173 -1.306622 
174 -0.656112 
175 -1.020171 
176 -0.813933 
177 -0.531072 
178 -0.378460 
179 -0.401415 
180 -0.908876 
181 -0.313217 
182 -1.047207 
183 -0.654312 
184 -0.240923 
185 -0.725804 
186 -0.693199 
187 -1.016541 
188 -0.604463 
189 -0.870396 
190 -0.879979 
191 -0.819136 
192 -1.037475 
193 -0.584122 
194 -0.672740 
195 -0.720658 
196 -0.787179 
197 -0.954774 
198 -0.592018 
199 -0.596192 
