0 0.029587 
1 -0.206719 
2 -0.308377 
3 -0.060972 
4 -0.305668 
5 -0.537048 
6 -0.273426 
7 -0.317827 
8 -0.172105 
9 -0.056066 
10 -0.575348 
11 -0.313793 
12 -0.186934 
13 -0.063368 
14 -0.062533 
15 -0.554078 
16 -0.157355 
17 -0.146705 
18 -0.053959 
19 -0.147952 
20 -0.167527 
21 -0.221681 
22 0.003797 
23 -0.497672 
24 -0.036591 
25 0.303109 
26 -0.281794 
27 0.048414 
28 -0.165140 
29 -0.329298 
30 -0.136675 
31 -0.448704 
32 -0.166125 
33 0.096104 
34 -0.945615 
35 -0.072434 
36 -0.464753 
37 -0.253951 
38 -0.708882 
39 0.005608 
40 -0.086818 
41 -0.378382 
42 0.136392 
43 -0.092330 
44 -0.178340 
45 -0.464780 
46 -0.331717 
47 -0.268216 
48 -0.350193 
49 0.142591 
50 0.000709 
51 -0.494737 
52 -0.394733 
53 -0.161719 
54 -0.540863 
55 -0.262096 
56 0.019337 
57 -0.534861 
58 -0.367854 
59 -0.337352 
60 0.035070 
61 -0.033236 
62 -0.190089 
63 -0.328797 
64 -0.156484 
65 -0.395242 
66 -0.207472 
67 -0.153815 
68 -0.476203 
69 -0.277177 
70 -0.237606 
71 -0.145246 
72 -0.003576 
73 -0.494070 
74 -0.041772 
75 -0.330099 
76 -0.023724 
77 -0.615136 
78 -0.127224 
79 -0.252212 
80 -0.011170 
81 -0.076760 
82 0.189230 
83 -0.388598 
84 -0.164902 
85 -0.138419 
86 -0.030309 
87 -0.333965 
88 -0.349191 
89 0.048953 
90 -0.073270 
91 -0.041437 
92 -0.132414 
93 -0.377979 
94 -0.153658 
95 -0.318483 
96 -0.699861 
97 -0.335045 
98 -0.218545 
99 -0.342951 
100 -0.150939 
101 -0.309384 
102 -0.028975 
103 -0.231116 
104 0.091287 
105 -0.340654 
106 -0.122998 
107 -0.055210 
108 -0.070664 
109 -0.030127 
110 -0.203809 
111 -0.386239 
112 -0.284856 
113 -0.163584 
114 -0.224705 
115 -0.440516 
116 -0.155774 
117 -0.137912 
118 -0.002474 
119 0.041537 
120 -0.409439 
121 -0.167339 
122 -0.055225 
123 -0.278254 
124 -0.032154 
125 -0.336496 
126 0.040144 
127 -0.371962 
128 -0.376445 
129 -0.750204 
130 -0.744348 
131 -0.361691 
132 -0.562014 
133 0.061726 
134 -0.252099 
135 -0.110180 
136 -0.201579 
137 -0.535072 
138 0.028162 
139 -0.313608 
140 -0.146808 
141 -0.343609 
142 -0.326957 
143 0.133896 
144 0.119008 
145 -0.037203 
146 -0.088433 
147 -0.373797 
148 -0.625730 
149 0.020916 
150 -0.376863 
151 -0.475584 
152 0.079610 
153 0.079710 
154 -0.058343 
155 -0.387745 
156 -0.281442 
157 -0.350319 
158 -0.064494 
159 0.012034 
160 0.012226 
161 -0.138633 
162 0.214474 
163 0.055713 
164 -0.235038 
165 -0.070469 
166 -0.292088 
167 -0.397939 
168 0.039907 
169 -0.151327 
170 -0.144143 
171 -0.269556 
172 -0.510408 
173 -0.241421 
174 -0.393455 
175 -0.369765 
176 -0.160955 
177 -0.558241 
178 -0.015695 
179 -0.109157 
180 -0.239089 
181 -0.560102 
182 -0.349139 
183 0.094864 
184 0.031715 
185 -0.035776 
186 -0.266657 
187 -0.218381 
188 -0.112026 
189 -0.337093 
190 -0.571773 
191 -0.613267 
192 -0.251852 
193 -0.023172 
194 -0.298654 
195 0.149164 
196 -0.193294 
197 -0.124422 
198 0.007769 
199 0.072078 
