0 -0.491832 
1 -0.916035 
2 -0.917789 
3 -0.406519 
4 -0.561842 
5 -0.824954 
6 -0.090136 
7 -0.140571 
8 -0.749685 
9 -1.089141 
10 -0.797598 
11 -0.568725 
12 -0.327483 
13 -1.042128 
14 -0.732696 
15 -1.103062 
16 -0.458210 
17 -0.265562 
18 -0.660728 
19 -0.363629 
20 -0.407798 
21 -0.927544 
22 -0.916501 
23 -1.363092 
24 -0.472064 
25 -0.640985 
26 -0.250991 
27 -1.324385 
28 -0.285392 
29 -0.685254 
30 -0.661309 
31 -0.715002 
32 -0.701152 
33 -1.112693 
34 -0.428573 
35 -0.565839 
36 -0.461262 
37 -0.947285 
38 -1.323957 
39 -0.706573 
40 -0.108706 
41 -1.111816 
42 -0.842267 
43 -0.865283 
44 -0.298940 
45 -0.957413 
46 -0.401333 
47 -0.846465 
48 -1.113164 
49 -0.598867 
50 -0.803535 
51 -0.148972 
52 -0.689925 
53 -1.337283 
54 -0.758963 
55 -0.297455 
56 -1.284172 
57 -0.633816 
58 -0.606983 
59 -0.991259 
60 -0.832422 
61 -0.755052 
62 -0.588582 
63 -1.138035 
64 -1.021759 
65 -0.917684 
66 -0.253912 
67 -0.323902 
68 -0.774809 
69 -0.914672 
70 -0.450828 
71 -0.669262 
72 -0.596832 
73 -0.718753 
74 -0.364471 
75 -0.120221 
76 -0.618233 
77 -1.151474 
78 -0.781922 
79 -0.683224 
80 -0.852713 
81 -0.555123 
82 -0.817359 
83 -0.558192 
84 -0.209413 
85 -0.324603 
86 -0.970297 
87 -0.311148 
88 -0.903838 
89 -0.792280 
90 -0.024396 
91 -1.236386 
92 -0.449460 
93 -0.243370 
94 -1.136446 
95 -0.551121 
96 -0.540741 
97 -0.643640 
98 -0.289242 
99 -0.693317 
100 -1.111037 
101 -0.234548 
102 -0.712758 
103 -0.792566 
104 -1.104328 
105 -0.757370 
106 -0.676109 
107 -0.997089 
108 -0.961331 
109 -0.636819 
110 -0.666399 
111 -0.758559 
112 -0.897538 
113 -0.975290 
114 -0.515461 
115 -0.664760 
116 -0.754249 
117 -1.006196 
118 -0.631543 
119 -0.268945 
120 -0.430229 
121 -0.367184 
122 -0.619593 
123 -1.208014 
124 -0.272720 
125 0.000987 
126 -0.922424 
127 -0.901158 
128 -0.712993 
129 -0.574015 
130 -0.532432 
131 -0.776811 
132 -0.505146 
133 -0.326852 
134 -0.596052 
135 -0.483824 
136 -1.010378 
137 -0.069262 
138 -1.098032 
139 -0.988772 
140 -0.413081 
141 -0.441541 
142 -0.919107 
143 -0.225545 
144 -1.174374 
145 -0.339810 
146 -0.923252 
147 -0.122242 
148 -0.768360 
149 -0.588491 
150 -0.672890 
151 -0.620414 
152 -0.358189 
153 -0.562751 
154 -0.327087 
155 -0.989439 
156 -0.290193 
157 -0.213123 
158 -0.566844 
159 -0.234346 
160 -0.154984 
161 -0.539865 
162 -0.800799 
163 -0.574885 
164 -0.510441 
165 -0.494818 
166 -0.887207 
167 -0.916142 
168 -0.686939 
169 -0.502209 
170 -0.499028 
171 -0.637979 
172 -0.309511 
173 -1.108954 
174 -0.629260 
175 -0.522694 
176 -0.816852 
177 -0.577034 
178 -1.037953 
179 -0.476387 
180 -0.907143 
181 -0.770145 
182 -0.564752 
183 -0.286646 
184 -1.275780 
185 -0.559701 
186 -1.112062 
187 -0.513502 
188 -0.385907 
189 -0.275994 
190 -1.207426 
191 -1.339624 
192 -0.718315 
193 -0.870161 
194 -0.944605 
195 -0.157125 
196 -0.848028 
197 -0.604304 
198 -0.667083 
199 -0.367731 
