0 -0.218554 
1 -0.846107 
2 -0.751299 
3 -0.384170 
4 -0.463678 
5 -0.319663 
6 -0.128531 
7 -0.391049 
8 0.263124 
9 0.012950 
10 -0.394356 
11 -0.145306 
12 -0.273397 
13 -0.493628 
14 -0.202736 
15 -0.279626 
16 -0.375084 
17 -0.573368 
18 -0.306080 
19 -0.788222 
20 -0.203618 
21 -0.433975 
22 -0.729687 
23 -0.501756 
24 -0.002176 
25 -0.212017 
26 -0.158885 
27 -0.140692 
28 -0.568943 
29 -0.130718 
30 -0.099983 
31 -0.801845 
32 -0.462518 
33 -0.559577 
34 -0.777410 
35 -0.807427 
36 -0.211220 
37 -0.581121 
38 -0.152533 
39 -0.789360 
40 -0.003897 
41 -0.763938 
42 -0.170590 
43 -0.603016 
44 -0.294396 
45 -0.190082 
46 -0.106721 
47 -0.343670 
48 -0.419660 
49 0.061666 
50 -0.162446 
51 -0.615548 
52 -0.158522 
53 -0.381206 
54 -0.349471 
55 -0.446741 
56 -0.514750 
57 -0.690458 
58 -0.536478 
59 -0.465609 
60 -0.610008 
61 -0.205406 
62 -0.374085 
63 -0.844882 
64 -0.246350 
65 -0.357368 
66 -0.375835 
67 -0.473072 
68 -0.748060 
69 -0.326579 
70 -0.451216 
71 -0.599958 
72 -0.937477 
73 0.060901 
74 -0.173643 
75 -0.609407 
76 -0.253613 
77 -0.400797 
78 -0.216100 
79 -0.672294 
80 -0.290373 
81 -0.429259 
82 -0.140591 
83 0.178992 
84 -0.629966 
85 -0.228808 
86 -0.416132 
87 -0.469913 
88 -0.332475 
89 -0.743626 
90 -0.736029 
91 -0.434927 
92 -0.114541 
93 -0.322949 
94 -0.550957 
95 -0.472155 
96 -1.014889 
97 -0.018663 
98 -0.215282 
99 -0.578723 
100 0.002087 
101 -0.093376 
102 -0.277927 
103 -0.402107 
104 -0.169160 
105 -0.169285 
106 -0.191799 
107 -0.711479 
108 -0.227934 
109 -0.406504 
110 -0.458127 
111 -0.094859 
112 -0.593537 
113 -0.626295 
114 -0.056549 
115 0.037277 
116 -0.615187 
117 0.077277 
118 -0.364638 
119 -0.829546 
120 -0.135147 
121 -0.624839 
122 -0.649787 
123 -0.613248 
124 -0.637212 
125 -0.476796 
126 -0.286639 
127 -0.234011 
128 -0.608312 
129 -0.362715 
130 -0.145443 
131 -0.395846 
132 -0.732760 
133 -0.447287 
134 -0.543345 
135 -0.084278 
136 -0.487693 
137 -0.490380 
138 0.229407 
139 -0.644053 
140 -0.559449 
141 -0.333572 
142 -0.606617 
143 0.107959 
144 -0.766104 
145 -0.121384 
146 -0.201730 
147 -0.487568 
148 -0.405493 
149 -0.015765 
150 -0.724188 
151 -0.220703 
152 -1.023575 
153 -0.182058 
154 -0.541370 
155 -0.548285 
156 -0.691782 
157 -0.105483 
158 -0.351692 
159 -0.647377 
160 -0.463052 
161 -0.622319 
162 -0.675632 
163 -0.900410 
164 -0.448553 
165 -0.254274 
166 -0.499733 
167 -0.833821 
168 -0.292467 
169 -0.756529 
170 -0.494401 
171 -0.487176 
172 0.039766 
173 -0.353591 
174 -0.438480 
175 0.076354 
176 -0.258425 
177 -0.557917 
178 -0.131962 
179 -0.178538 
180 -0.309404 
181 -0.198879 
182 -0.537689 
183 -0.282084 
184 -0.405417 
185 -0.384636 
186 -0.172804 
187 -0.216008 
188 -0.201421 
189 -0.224615 
190 -0.380361 
191 -0.233468 
192 -1.062892 
193 -1.184294 
194 -0.867833 
195 -0.190108 
196 0.087312 
197 -0.546742 
198 -0.477379 
199 -0.373275 
