0 -0.852368 
1 -1.037469 
2 -1.105288 
3 -0.841221 
4 -0.359049 
5 -0.773778 
6 -0.992795 
7 -0.372292 
8 -0.423513 
9 -0.670425 
10 -0.667364 
11 -0.702862 
12 -0.749749 
13 -0.280968 
14 -0.471685 
15 -0.723103 
16 -0.960984 
17 -0.503365 
18 -1.089830 
19 -0.856111 
20 -0.985287 
21 -0.514204 
22 -1.012170 
23 -0.546818 
24 -0.389543 
25 -0.877033 
26 -0.957249 
27 -0.230064 
28 -0.314795 
29 -0.790297 
30 -0.734055 
31 -0.209596 
32 -0.562768 
33 -0.790054 
34 -0.673673 
35 -0.879077 
36 -0.600532 
37 -0.713493 
38 -0.746123 
39 -0.773048 
40 -0.683493 
41 -0.635693 
42 -0.686596 
43 -0.888258 
44 -0.178483 
45 -0.370686 
46 -0.823470 
47 -0.528979 
48 -0.457091 
49 -0.882627 
50 -0.535561 
51 -0.419797 
52 -0.680336 
53 -0.267469 
54 -0.355655 
55 -1.248994 
56 -0.201322 
57 -0.691806 
58 -0.264252 
59 -0.713108 
60 -0.320534 
61 -0.180649 
62 -0.706432 
63 -0.935009 
64 -0.992062 
65 -1.023330 
66 -0.450369 
67 -0.681846 
68 -0.681902 
69 -0.713866 
70 -0.477256 
71 -0.608838 
72 -0.786853 
73 -0.610748 
74 -0.701610 
75 -0.475824 
76 -0.147716 
77 -1.307743 
78 -0.854523 
79 -0.752398 
80 -1.081551 
81 -0.725344 
82 -0.445043 
83 -1.211676 
84 -0.559945 
85 -0.915523 
86 -0.929788 
87 -0.698537 
88 -1.052982 
89 -0.617364 
90 -0.738344 
91 -0.596810 
92 -0.738681 
93 -0.737761 
94 -0.545869 
95 -0.756715 
96 -1.041752 
97 -0.973562 
98 -0.572257 
99 -1.192452 
100 -1.035998 
101 -0.319379 
102 -0.492304 
103 -0.669463 
104 -0.454861 
105 -0.875273 
106 -0.852687 
107 -0.140858 
108 -0.328703 
109 -0.637144 
110 -0.489503 
111 -0.484682 
112 -0.221645 
113 -0.609510 
114 -0.634164 
115 -0.542618 
116 -0.299895 
117 -0.872103 
118 -1.038649 
119 -0.599363 
120 -0.635601 
121 -0.465981 
122 -1.073488 
123 -0.288996 
124 -1.281909 
125 -0.320673 
126 -1.034261 
127 -0.582600 
128 -0.684970 
129 -0.669698 
130 -0.190737 
131 -0.910576 
132 -0.901823 
133 -0.713222 
134 -0.609917 
135 -0.197737 
136 -0.660750 
137 -0.357365 
138 -0.815672 
139 -1.243852 
140 -0.531859 
141 -0.708640 
142 -0.637818 
143 -0.233962 
144 -0.604300 
145 -1.011482 
146 -0.588801 
147 -0.593336 
148 -0.716281 
149 -0.849963 
150 -0.634616 
151 -0.430034 
152 -0.437666 
153 -0.532184 
154 -1.246936 
155 -0.313698 
156 -0.531892 
157 -0.726761 
158 -0.609003 
159 -0.551088 
160 -0.953382 
161 -0.480477 
162 -1.042715 
163 -0.312294 
164 -1.152158 
165 -0.667917 
166 -0.927920 
167 -0.686911 
168 -0.535489 
169 -0.265795 
170 -0.245281 
171 -1.146839 
172 -0.805183 
173 -0.399045 
174 -0.372236 
175 -0.143857 
176 -0.354842 
177 -0.534351 
178 -1.346366 
179 -1.150334 
180 -0.763853 
181 -0.959657 
182 -0.604546 
183 -0.824974 
184 -0.907232 
185 -0.506554 
186 -0.660255 
187 -0.692134 
188 -0.365833 
189 -0.531820 
190 -0.646795 
191 -0.400844 
192 -0.907031 
193 -0.391209 
194 -0.447182 
195 -0.634594 
196 -1.234914 
197 -0.540266 
198 -0.602449 
199 -0.974239 
