0 0.013145 
1 0.070586 
2 -0.273047 
3 0.119172 
4 0.072777 
5 -0.219875 
6 -0.111631 
7 0.250676 
8 0.270963 
9 -0.200593 
10 -0.062900 
11 0.236135 
12 0.165370 
13 0.116743 
14 -0.380971 
15 -0.425803 
16 0.034524 
17 0.000535 
18 0.039690 
19 0.147381 
20 0.105703 
21 -0.001249 
22 -0.041069 
23 0.131721 
24 -0.054896 
25 -0.276259 
26 0.070029 
27 0.135741 
28 -0.134219 
29 0.016520 
30 0.048868 
31 -0.064228 
32 -0.144067 
33 0.049915 
34 -0.324182 
35 -0.016939 
36 0.318409 
37 -0.251335 
38 -0.113107 
39 -0.130346 
40 -0.310199 
41 0.140341 
42 -0.211587 
43 0.007008 
44 -0.088143 
45 -0.107569 
46 0.080457 
47 0.034699 
48 0.141205 
49 0.224113 
50 -0.204840 
51 -0.184489 
52 -0.217059 
53 0.110538 
54 0.066149 
55 0.110253 
56 -0.024818 
57 -0.113915 
58 -0.185143 
59 0.137755 
60 0.047494 
61 0.235492 
62 -0.350773 
63 0.236504 
64 -0.248936 
65 0.176721 
66 -0.351155 
67 0.191989 
68 0.320769 
69 0.226831 
70 0.058069 
71 0.009502 
72 0.064288 
73 0.146451 
74 -0.084756 
75 -0.168166 
76 0.264226 
77 -0.308572 
78 -0.255413 
79 0.067597 
80 0.129469 
81 0.081342 
82 0.182271 
83 -0.063096 
84 -0.016118 
85 0.203140 
86 -0.149870 
87 -0.037478 
88 -0.096448 
89 0.024712 
90 0.014448 
91 -0.106540 
92 0.236396 
93 -0.050792 
94 0.391158 
95 -0.078256 
96 0.140642 
97 0.022292 
98 0.159242 
99 -0.122806 
100 -0.136950 
101 0.082431 
102 -0.162016 
103 0.054171 
104 -0.279077 
105 0.209647 
106 -0.341096 
107 0.047749 
108 0.123594 
109 -0.028219 
110 -0.132419 
111 -0.061441 
112 -0.042245 
113 -0.107487 
114 0.086820 
115 -0.220041 
116 -0.393329 
117 0.190229 
118 -0.174554 
119 0.242791 
120 -0.205471 
121 -0.041975 
122 -0.090991 
123 -0.018790 
124 0.128721 
125 -0.180099 
126 -0.034601 
127 0.078105 
128 -0.300468 
129 0.065484 
130 0.126115 
131 -0.033896 
132 -0.077458 
133 -0.473496 
134 0.054894 
135 -0.022679 
136 0.238849 
137 0.227474 
138 0.208258 
139 0.236490 
140 0.084052 
141 -0.152723 
142 0.166200 
143 -0.183222 
144 -0.160625 
145 0.259788 
146 -0.152255 
147 0.118783 
148 -0.140769 
149 0.237554 
150 -0.017532 
151 -0.177180 
152 -0.152187 
153 -0.050863 
154 0.138261 
155 -0.121973 
156 0.111989 
157 0.006736 
158 -0.199488 
159 0.163584 
160 0.209071 
161 -0.101645 
162 0.178466 
163 -0.040928 
164 0.028914 
165 0.014332 
166 0.242037 
167 -0.063227 
168 0.224237 
169 0.284386 
170 0.023044 
171 0.027044 
172 -0.020842 
173 -0.162853 
174 -0.242983 
175 -0.367406 
176 -0.099511 
177 0.029572 
178 -0.281989 
179 -0.130647 
180 0.063373 
181 -0.081958 
182 0.010592 
183 -0.035578 
184 0.144698 
185 -0.268418 
186 -0.113406 
187 -0.338441 
188 0.061683 
189 0.157895 
190 0.131422 
191 -0.089279 
192 -0.358538 
193 -0.280525 
194 0.271132 
195 0.196188 
196 -0.083341 
197 -0.257430 
198 0.210757 
199 0.185097 
