0 -0.046153 
1 0.023547 
2 -0.166053 
3 -0.245147 
4 0.057016 
5 -0.141243 
6 -0.766362 
7 0.266130 
8 -0.337656 
9 0.057136 
10 -0.212561 
11 -0.020522 
12 -0.310201 
13 0.232554 
14 -0.163806 
15 0.060407 
16 -0.097895 
17 0.182996 
18 -0.035873 
19 -0.509234 
20 0.127095 
21 -0.018113 
22 -0.188363 
23 0.210704 
24 -0.500968 
25 -0.316551 
26 -0.092798 
27 0.065771 
28 -0.249093 
29 0.050733 
30 0.003533 
31 -0.407688 
32 -0.346436 
33 -0.348641 
34 -0.324867 
35 0.010705 
36 -0.210190 
37 0.060745 
38 0.005731 
39 -0.104730 
40 -0.166691 
41 0.049293 
42 -0.365885 
43 0.074144 
44 -0.113447 
45 0.178710 
46 -0.016778 
47 -0.104498 
48 0.081683 
49 0.032303 
50 0.006306 
51 -0.254568 
52 0.140584 
53 -0.353985 
54 -0.375479 
55 -0.089256 
56 -0.381237 
57 0.015829 
58 -0.283599 
59 -0.278991 
60 -0.232599 
61 -0.185446 
62 -0.046935 
63 0.136444 
64 -0.205328 
65 0.083361 
66 -0.085806 
67 -0.032219 
68 -0.125377 
69 -0.344794 
70 -0.140735 
71 -0.186790 
72 0.165399 
73 0.110066 
74 0.077621 
75 0.293988 
76 -0.062580 
77 -0.241681 
78 -0.052147 
79 -0.741601 
80 0.019001 
81 0.157912 
82 0.089607 
83 -0.321595 
84 -0.621810 
85 -0.305763 
86 0.118807 
87 -0.219316 
88 -0.247467 
89 0.073846 
90 -0.303487 
91 -0.485549 
92 0.245395 
93 -0.265225 
94 -0.240428 
95 -0.092804 
96 0.240910 
97 0.071469 
98 -0.071516 
99 -0.202198 
100 -0.292740 
101 0.090591 
102 0.066946 
103 -0.054008 
104 0.219571 
105 0.141793 
106 -0.151352 
107 -0.421652 
108 0.024727 
109 -0.167711 
110 -0.231560 
111 0.306504 
112 0.047230 
113 -0.067505 
114 -0.054000 
115 0.006742 
116 -0.239404 
117 0.195668 
118 -0.105515 
119 0.130266 
120 -0.338027 
121 0.166892 
122 -0.310684 
123 -0.136579 
124 -0.100819 
125 -0.329446 
126 0.054485 
127 0.032461 
128 -0.004532 
129 -0.316709 
130 -0.338004 
131 0.044428 
132 0.303337 
133 -0.375042 
134 -0.071343 
135 -0.068429 
136 0.065219 
137 -0.054528 
138 0.010646 
139 -0.036752 
140 0.057766 
141 0.207813 
142 -0.390519 
143 0.000421 
144 -0.799994 
145 -0.523081 
146 0.125729 
147 0.178756 
148 -0.048722 
149 -0.110634 
150 -0.274874 
151 0.162277 
152 0.216869 
153 0.023018 
154 0.158724 
155 -0.129934 
156 0.050073 
157 -0.179790 
158 -0.053045 
159 0.052945 
160 -0.056948 
161 -0.012949 
162 -0.258190 
163 0.169099 
164 -0.009297 
165 -0.030112 
166 -0.107155 
167 0.263537 
168 -0.142234 
169 -0.025944 
170 0.068769 
171 -0.248507 
172 0.175854 
173 -0.082739 
174 -0.107730 
175 -0.031296 
176 -0.178386 
177 -0.029161 
178 -0.313874 
179 0.211477 
180 -0.180009 
181 -0.094114 
182 -0.293889 
183 -0.423582 
184 -0.466196 
185 -0.145487 
186 0.216119 
187 0.246794 
188 -0.362671 
189 0.112132 
190 0.070063 
191 0.041240 
192 0.154120 
193 0.114448 
194 0.026890 
195 -0.288638 
196 -0.218644 
197 0.200706 
198 0.097684 
199 -0.431961 
