0 -0.528051 
1 -0.358714 
2 -1.263241 
3 -1.248633 
4 -0.848060 
5 -0.967478 
6 -0.892268 
7 -0.613305 
8 -0.478273 
9 -0.754244 
10 -0.462197 
11 -0.696767 
12 -0.812037 
13 -0.671573 
14 -0.151178 
15 -0.895438 
16 -1.016124 
17 -0.592528 
18 -0.407696 
19 -1.243620 
20 -0.761649 
21 -0.905104 
22 -0.274091 
23 -1.015406 
24 -0.607752 
25 -0.870630 
26 -0.828144 
27 -0.340281 
28 -1.183630 
29 -0.707045 
30 -0.580288 
31 -1.203337 
32 -1.189093 
33 -0.576328 
34 -0.360945 
35 -0.796769 
36 -0.154365 
37 -0.825604 
38 -0.833322 
39 -0.877168 
40 -0.925710 
41 -1.022164 
42 -0.990963 
43 -0.498775 
44 -0.603733 
45 -0.720891 
46 -0.181203 
47 -0.592698 
48 -1.013517 
49 -0.728069 
50 -1.022119 
51 -0.676519 
52 -0.879032 
53 -0.704257 
54 -0.118901 
55 -0.735488 
56 -0.773637 
57 -0.298784 
58 -0.487999 
59 -0.341110 
60 -0.849049 
61 -1.116302 
62 -0.641732 
63 -0.752545 
64 -0.757645 
65 -0.338950 
66 -0.670342 
67 -0.834099 
68 -0.473468 
69 -0.994027 
70 -0.766951 
71 -0.622744 
72 -0.369730 
73 -0.794801 
74 0.049251 
75 -0.691782 
76 -0.914905 
77 -0.525823 
78 -1.365970 
79 -1.149661 
80 -0.361552 
81 -0.639435 
82 -0.834366 
83 -0.699632 
84 -0.938810 
85 -0.841623 
86 -1.011447 
87 -0.680999 
88 -0.791938 
89 -0.647414 
90 -0.216867 
91 -0.292513 
92 -0.766139 
93 -0.669635 
94 -0.437095 
95 -0.632546 
96 -0.680137 
97 -0.584175 
98 -0.713849 
99 -0.570389 
100 -0.525528 
101 -0.865557 
102 -0.604681 
103 -1.105665 
104 -0.564101 
105 -0.585767 
106 -1.162284 
107 -0.289778 
108 -0.636900 
109 -0.483770 
110 -0.746733 
111 -0.786817 
112 -0.724717 
113 -0.508852 
114 -1.133971 
115 -0.877140 
116 -0.907056 
117 -0.575078 
118 -0.237198 
119 -0.968420 
120 -0.733680 
121 -0.233244 
122 -0.366546 
123 -0.307639 
124 -0.777019 
125 -0.314698 
126 -0.386734 
127 -0.011432 
128 -0.621915 
129 -1.170849 
130 -0.215883 
131 -0.721745 
132 -0.655081 
133 -0.452368 
134 -0.490205 
135 -0.624886 
136 -0.535091 
137 -0.639147 
138 -1.058581 
139 -1.215811 
140 -0.140436 
141 -0.823013 
142 -0.764576 
143 -1.219847 
144 -0.609468 
145 -0.835393 
146 -0.911681 
147 -1.064290 
148 -1.336088 
149 -0.681780 
150 -0.385434 
151 0.070582 
152 -0.425078 
153 -0.635515 
154 -0.307035 
155 -0.577664 
156 -1.158558 
157 -1.196027 
158 -0.701885 
159 -0.671110 
160 -0.298088 
161 -1.005098 
162 -0.864978 
163 -0.947042 
164 -0.003781 
165 -0.527761 
166 -0.542163 
167 -0.884288 
168 -0.755706 
169 -0.456240 
170 -0.576463 
171 -0.461112 
172 -0.910035 
173 -0.418992 
174 -0.600729 
175 -0.556369 
176 -0.971033 
177 -1.490053 
178 -0.647275 
179 -0.688736 
180 -0.876019 
181 -0.998173 
182 -0.731006 
183 -0.127718 
184 -0.308286 
185 -0.785639 
186 -0.957044 
187 -0.608289 
188 -0.550670 
189 -0.567797 
190 -0.807503 
191 -0.260997 
192 -0.159678 
193 -0.845490 
194 -0.610480 
195 -0.416648 
196 -0.899880 
197 -1.170249 
198 -0.338157 
199 -0.561377 
