0 -0.398007 
1 -1.233299 
2 -0.626911 
3 -1.122738 
4 -0.311321 
5 -0.356574 
6 -1.209455 
7 -0.585188 
8 -0.839097 
9 -0.326445 
10 -0.628694 
11 -0.145397 
12 -0.569310 
13 -0.626379 
14 -0.312505 
15 -0.482205 
16 -0.821707 
17 -0.915776 
18 -0.522313 
19 -0.281889 
20 -1.027578 
21 -0.375618 
22 -0.522638 
23 -0.615397 
24 -0.898719 
25 -1.074431 
26 -0.380728 
27 -0.622825 
28 -0.737722 
29 -0.717292 
30 -0.774812 
31 -0.769054 
32 -0.166390 
33 -0.246426 
34 -0.197774 
35 -1.093634 
36 -0.647099 
37 -0.641355 
38 -0.725959 
39 -0.628425 
40 -0.738321 
41 -0.656389 
42 -0.222431 
43 -1.054443 
44 -0.601940 
45 -0.462596 
46 -1.089596 
47 -0.515782 
48 -0.922835 
49 -1.071522 
50 -0.417686 
51 -0.637290 
52 -0.557776 
53 -0.855868 
54 -0.696174 
55 -0.734938 
56 -0.691127 
57 -0.923375 
58 -0.931563 
59 -0.805443 
60 -1.163155 
61 -0.924222 
62 -0.565158 
63 -0.242033 
64 -0.901066 
65 -0.182508 
66 -0.872289 
67 -1.025706 
68 -0.144828 
69 -0.719900 
70 -1.142706 
71 -0.691409 
72 -0.579217 
73 -0.518663 
74 -0.056798 
75 -0.807637 
76 -0.814652 
77 -0.621993 
78 -0.163451 
79 -0.586322 
80 -0.227673 
81 -0.506601 
82 -0.222389 
83 -0.333836 
84 -0.719443 
85 -0.799541 
86 -0.508751 
87 -0.362634 
88 -0.719346 
89 -0.687629 
90 -1.211793 
91 -1.005348 
92 -0.901561 
93 -1.175405 
94 -0.813316 
95 -0.850526 
96 -1.056775 
97 -0.876487 
98 -1.020925 
99 -1.088909 
100 -0.405458 
101 -0.655336 
102 -1.203534 
103 -0.496274 
104 -0.989479 
105 -0.838952 
106 -0.808311 
107 -0.923505 
108 -0.537422 
109 -0.545755 
110 -0.885605 
111 -0.217793 
112 -0.312429 
113 -0.949872 
114 -0.533191 
115 -1.101671 
116 -0.738495 
117 -0.965038 
118 -0.650834 
119 -0.491461 
120 -1.044199 
121 -0.445536 
122 -0.535348 
123 -0.379590 
124 -0.789286 
125 -0.313907 
126 -1.085968 
127 -1.052950 
128 -0.721104 
129 -0.920133 
130 -0.186907 
131 -0.372602 
132 -0.603825 
133 -0.576008 
134 -0.588162 
135 -0.539379 
136 -0.996329 
137 -0.843761 
138 -0.819024 
139 -0.666141 
140 -0.400035 
141 -0.445078 
142 -0.782358 
143 -0.618399 
144 -0.667613 
145 0.044809 
146 -0.772690 
147 -0.571124 
148 -0.884670 
149 -0.222225 
150 -1.140419 
151 -0.810010 
152 -0.560910 
153 -0.852178 
154 -0.243420 
155 -0.332874 
156 -0.814380 
157 -1.117386 
158 -0.634902 
159 -0.873321 
160 -0.610413 
161 -1.070260 
162 -0.440622 
163 -0.361376 
164 -0.882051 
165 -0.213903 
166 -1.073584 
167 -0.665367 
168 -0.411347 
169 -0.969172 
170 -0.438373 
171 -0.306604 
172 -0.150219 
173 -0.738105 
174 -0.709347 
175 -0.808526 
176 -0.608672 
177 -0.446717 
178 -0.886371 
179 -1.288856 
180 -0.859579 
181 -0.244844 
182 -1.333843 
183 -0.738784 
184 -0.722387 
185 -1.147798 
186 -1.450566 
187 -0.392510 
188 -0.895838 
189 -0.589368 
190 -0.555188 
191 -0.702040 
192 -1.184133 
193 -0.877236 
194 -0.195068 
195 -0.318811 
196 -1.126031 
197 -1.121173 
198 -0.545099 
199 -0.335135 
