0 -0.031361 
1 -0.342658 
2 0.068464 
3 0.098469 
4 -0.114945 
5 -0.007032 
6 0.171463 
7 -0.317395 
8 -0.092813 
9 -0.283022 
10 0.279755 
11 0.178866 
12 -0.072955 
13 -0.182502 
14 -0.329386 
15 -0.178559 
16 0.262564 
17 0.193782 
18 -0.230829 
19 0.006465 
20 0.022523 
21 -0.137406 
22 -0.119971 
23 -0.172060 
24 -0.026765 
25 0.116073 
26 0.316170 
27 0.050086 
28 0.191927 
29 0.087313 
30 0.050306 
31 0.102985 
32 0.270927 
33 -0.038501 
34 -0.118847 
35 0.239059 
36 -0.264662 
37 -0.152393 
38 -0.149975 
39 -0.144943 
40 -0.286673 
41 -0.039609 
42 -0.292290 
43 -0.178425 
44 -0.495990 
45 0.142703 
46 -0.229537 
47 0.126074 
48 -0.041447 
49 -0.337514 
50 0.279744 
51 -0.013887 
52 -0.003414 
53 -0.191266 
54 0.212784 
55 0.217521 
56 -0.298963 
57 -0.181800 
58 -0.171265 
59 -0.377888 
60 0.213620 
61 0.132034 
62 0.152147 
63 -0.065324 
64 -0.163352 
65 -0.178315 
66 -0.185944 
67 -0.101759 
68 -0.177888 
69 -0.268928 
70 0.217083 
71 -0.118873 
72 0.148124 
73 0.073305 
74 0.100952 
75 0.001770 
76 0.159518 
77 -0.489592 
78 -0.309649 
79 0.111399 
80 0.007530 
81 -0.226913 
82 -0.012163 
83 -0.172478 
84 0.094817 
85 -0.037767 
86 0.186643 
87 -0.381349 
88 -0.220759 
89 -0.121255 
90 0.149582 
91 0.110986 
92 -0.159068 
93 -0.083805 
94 -0.039745 
95 0.170825 
96 0.091666 
97 -0.015010 
98 -0.009553 
99 -0.004438 
100 0.031701 
101 0.093347 
102 -0.171824 
103 -0.257796 
104 0.323719 
105 -0.261632 
106 -0.275885 
107 0.079710 
108 0.066917 
109 -0.137699 
110 -0.012431 
111 -0.120975 
112 -0.232033 
113 -0.175273 
114 0.132167 
115 -0.131865 
116 -0.047552 
117 0.053471 
118 -0.124469 
119 -0.218543 
120 0.146612 
121 -0.055620 
122 -0.021094 
123 0.114020 
124 0.022151 
125 -0.129686 
126 0.414565 
127 0.143096 
128 -0.266192 
129 -0.036383 
130 -0.143378 
131 -0.143733 
132 -0.336040 
133 -0.137601 
134 -0.153281 
135 -0.081327 
136 -0.436079 
137 -0.418826 
138 -0.077716 
139 -0.133949 
140 0.049744 
141 -0.224304 
142 -0.114305 
143 0.049657 
144 -0.235542 
145 -0.274297 
146 -0.113465 
147 -0.355964 
148 -0.060485 
149 0.220888 
150 -0.021920 
151 0.076652 
152 -0.223094 
153 0.016782 
154 0.067469 
155 -0.202275 
156 0.223725 
157 -0.135629 
158 0.120143 
159 0.160392 
160 0.074387 
161 0.078000 
162 0.086148 
163 -0.131752 
164 -0.023400 
165 -0.101692 
166 0.242647 
167 -0.185050 
168 -0.291929 
169 0.123847 
170 -0.116348 
171 -0.020041 
172 0.195089 
173 0.170034 
174 0.112116 
175 -0.191588 
176 -0.258047 
177 -0.256218 
178 0.008393 
179 -0.078814 
180 0.309696 
181 0.084499 
182 -0.088494 
183 0.234607 
184 -0.094103 
185 0.269407 
186 0.174735 
187 -0.175180 
188 0.112593 
189 0.030144 
190 0.039026 
191 -0.076998 
192 -0.278344 
193 0.348720 
194 0.138396 
195 0.125701 
196 -0.058067 
197 0.211316 
198 -0.058821 
199 -0.615457 
