0 0.053477 
1 -0.117320 
2 0.230932 
3 -0.044787 
4 -0.425469 
5 -0.035217 
6 -0.103393 
7 -0.096815 
8 0.079474 
9 0.033234 
10 0.213333 
11 -0.403081 
12 -0.158769 
13 0.107681 
14 -0.165775 
15 0.139871 
16 -0.179619 
17 -0.190498 
18 -0.146283 
19 -0.005671 
20 0.093551 
21 0.118925 
22 -0.282439 
23 0.093844 
24 -0.155135 
25 0.235132 
26 -0.205588 
27 -0.149592 
28 -0.032109 
29 0.188709 
30 0.206925 
31 -0.004376 
32 -0.020641 
33 0.158078 
34 -0.335359 
35 -0.240400 
36 0.158112 
37 -0.074086 
38 0.277057 
39 0.186722 
40 0.187766 
41 -0.283324 
42 0.036702 
43 -0.070592 
44 0.005524 
45 -0.253037 
46 0.160189 
47 0.025472 
48 -0.239980 
49 -0.289128 
50 -0.040425 
51 -0.168146 
52 -0.184871 
53 -0.406852 
54 0.058640 
55 0.177257 
56 -0.067106 
57 0.084627 
58 -0.254281 
59 -0.249266 
60 0.092177 
61 -0.459323 
62 -0.260018 
63 -0.175820 
64 -0.063294 
65 0.028065 
66 -0.044232 
67 0.023511 
68 0.119625 
69 0.054353 
70 0.053889 
71 0.064716 
72 -0.136759 
73 0.296871 
74 0.149623 
75 -0.737893 
76 0.099954 
77 -0.356312 
78 0.022017 
79 -0.322835 
80 -0.051635 
81 -0.195735 
82 -0.296280 
83 0.009862 
84 -0.119889 
85 -0.026169 
86 0.169371 
87 -0.319553 
88 -0.046648 
89 0.028407 
90 -0.053333 
91 -0.219830 
92 0.268363 
93 0.100966 
94 0.047180 
95 -0.069741 
96 -0.182973 
97 0.145396 
98 -0.084860 
99 0.077919 
100 0.174526 
101 -0.166361 
102 -0.003638 
103 0.007773 
104 -0.060975 
105 -0.089207 
106 -0.040916 
107 0.255017 
108 0.004364 
109 0.018175 
110 -0.243008 
111 0.041797 
112 -0.328963 
113 -0.120933 
114 -0.035338 
115 0.377396 
116 0.231005 
117 -0.185241 
118 -0.314369 
119 -0.197235 
120 -0.004773 
121 -0.177046 
122 -0.089361 
123 0.044553 
124 0.092917 
125 0.005500 
126 -0.043064 
127 -0.297725 
128 -0.025146 
129 -0.070846 
130 -0.404252 
131 -0.224057 
132 -0.011415 
133 -0.055259 
134 0.027982 
135 0.140678 
136 0.006451 
137 -0.177849 
138 0.034351 
139 -0.030225 
140 -0.309479 
141 0.017453 
142 0.271379 
143 -0.188401 
144 0.019105 
145 0.069477 
146 -0.221918 
147 -0.102803 
148 0.091312 
149 -0.213571 
150 -0.311214 
151 -0.306904 
152 -0.114030 
153 0.280232 
154 0.138517 
155 0.353869 
156 -0.020301 
157 0.144794 
158 -0.245244 
159 0.074512 
160 -0.225615 
161 -0.329676 
162 0.126979 
163 -0.075075 
164 0.024072 
165 -0.230987 
166 0.229069 
167 0.205966 
168 0.247059 
169 -0.317437 
170 0.035526 
171 -0.067647 
172 0.102940 
173 -0.342270 
174 -0.054735 
175 -0.321728 
176 0.159132 
177 0.061045 
178 0.333198 
179 -0.014025 
180 -0.187337 
181 0.433382 
182 -0.043474 
183 -0.012620 
184 0.247622 
185 -0.149218 
186 0.187000 
187 -0.038550 
188 0.080050 
189 -0.175650 
190 0.050306 
191 -0.261545 
192 -0.176755 
193 -0.163952 
194 0.251218 
195 0.247700 
196 0.222785 
197 0.115785 
198 -0.529061 
199 0.290955 
