0.000000   -0.943226   
1.000000   -0.943226   
2.000000   -0.943226   
3.000000   -0.943226   
4.000000   -0.943226   
5.000000   -0.943226   
6.000000   -0.943226   
7.000000   -0.943226   
8.000000   -0.943226   
9.000000   -0.943226   
10.000000   -0.943226   
11.000000   -0.943226   
12.000000   -0.943226   
13.000000   -0.943226   
14.000000   -0.943226   
15.000000   -0.943226   
16.000000   -0.943226   
17.000000   -0.943226   
18.000000   -0.943226   
19.000000   -0.943226   
20.000000   -0.943226   
21.000000   -0.943226   
22.000000   -0.943226   
23.000000   -0.943226   
24.000000   -0.943226   
25.000000   -0.943226   
26.000000   -0.943226   
27.000000   -0.943226   
28.000000   -0.943226   
29.000000   -0.943226   
30.000000   -0.943226   
31.000000   -0.943226   
32.000000   -0.943226   
33.000000   -0.943226   
34.000000   -0.943226   
35.000000   -0.943226   
36.000000   -0.943226   
37.000000   -0.943226   
38.000000   -0.943226   
39.000000   -0.943226   
40.000000   -0.943226   
41.000000   -0.943226   
42.000000   -0.943226   
43.000000   -0.943226   
44.000000   -0.943226   
45.000000   -0.943226   
46.000000   -0.943226   
47.000000   -0.943226   
48.000000   -0.943226   
49.000000   -0.943226   
50.000000   -0.943226   
51.000000   -0.900192   
52.000000   -0.899044   
53.000000   -0.899953   
54.000000   -0.898654   
55.000000   -0.899787   
56.000000   -0.901303   
57.000000   -0.899657   
58.000000   -0.899526   
59.000000   -0.894966   
60.000000   -0.888796   
61.000000   -0.881980   
62.000000   -0.874831   
63.000000   -0.874431   
64.000000   -0.873466   
65.000000   -0.875706   
66.000000   -0.881328   
67.000000   -0.886915   
68.000000   -0.890242   
69.000000   -0.893195   
70.000000   -0.895312   
71.000000   -0.900948   
72.000000   -0.908500   
73.000000   -0.910062   
74.000000   -0.908861   
75.000000   -0.905300   
76.000000   -0.900206   
77.000000   -0.892517   
78.000000   -0.884683   
79.000000   -0.877348   
80.000000   -0.869957   
81.000000   -0.860399   
82.000000   -0.853780   
83.000000   -0.846551   
84.000000   -0.837897   
85.000000   -0.830117   
86.000000   -0.826960   
87.000000   -0.827812   
88.000000   -0.830079   
89.000000   -0.832518   
90.000000   -0.838349   
91.000000   -0.843218   
92.000000   -0.851250   
93.000000   -0.862757   
94.000000   -0.870865   
95.000000   -0.877443   
96.000000   -0.882135   
97.000000   -0.886837   
98.000000   -0.887344   
99.000000   -0.885921   
100.000000   -0.881747   
101.000000   -0.875957   
102.000000   -0.863469   
103.000000   -0.850577   
104.000000   -0.840330   
105.000000   -0.829455   
106.000000   -0.815205   
107.000000   -0.806246   
108.000000   -0.798222   
109.000000   -0.797649   
110.000000   -0.798317   
111.000000   -0.803781   
112.000000   -0.811858   
113.000000   -0.826053   
114.000000   -0.838681   
115.000000   -0.853650   
116.000000   -0.867289   
117.000000   -0.875682   
118.000000   -0.881335   
119.000000   -0.884745   
120.000000   -0.886279   
121.000000   -0.878521   
122.000000   -0.866791   
123.000000   -0.852922   
124.000000   -0.839987   
125.000000   -0.824222   
126.000000   -0.805067   
127.000000   -0.793514   
128.000000   -0.783227   
129.000000   -0.778273   
130.000000   -0.777556   
131.000000   -0.778467   
132.000000   -0.783301   
133.000000   -0.786701   
134.000000   -0.793810   
135.000000   -0.797772   
136.000000   -0.803721   
137.000000   -0.806305   
138.000000   -0.808345   
139.000000   -0.812771   
140.000000   -0.816215   
141.000000   -0.818922   
142.000000   -0.820131   
143.000000   -0.817854   
144.000000   -0.816329   
145.000000   -0.814316   
146.000000   -0.810582   
147.000000   -0.802917   
148.000000   -0.796343   
149.000000   -0.788266   
150.000000   -0.780288   
151.000000   -0.775877   
152.000000   -0.777282   
153.000000   -0.777165   
154.000000   -0.782100   
155.000000   -0.790109   
156.000000   -0.794631   
157.000000   -0.799420   
158.000000   -0.802531   
159.000000   -0.798410   
160.000000   -0.794509   
161.000000   -0.787506   
162.000000   -0.784356   
163.000000   -0.778244   
164.000000   -0.774377   
165.000000   -0.772793   
166.000000   -0.773141   
167.000000   -0.771579   
168.000000   -0.770746   
169.000000   -0.768970   
170.000000   -0.772204   
171.000000   -0.778157   
172.000000   -0.782665   
173.000000   -0.790845   
174.000000   -0.793907   
175.000000   -0.791292   
176.000000   -0.786476   
177.000000   -0.779248   
178.000000   -0.771907   
179.000000   -0.768981   
180.000000   -0.763782   
181.000000   -0.762279   
182.000000   -0.759631   
183.000000   -0.759227   
184.000000   -0.756440   
185.000000   -0.753017   
186.000000   -0.747129   
187.000000   -0.743205   
188.000000   -0.743847   
189.000000   -0.745992   
190.000000   -0.748106   
191.000000   -0.752409   
192.000000   -0.759040   
193.000000   -0.765920   
194.000000   -0.770389   
195.000000   -0.774576   
196.000000   -0.775447   
197.000000   -0.773972   
198.000000   -0.767958   
199.000000   -0.761958   
200.000000   -0.757622   
201.000000   -0.750822   
202.000000   -0.743857   
203.000000   -0.737370   
204.000000   -0.735459   
205.000000   -0.733756   
206.000000   -0.733674   
207.000000   -0.735401   
208.000000   -0.736212   
209.000000   -0.733689   
210.000000   -0.734894   
211.000000   -0.737816   
212.000000   -0.745823   
213.000000   -0.751321   
214.000000   -0.753989   
215.000000   -0.753213   
216.000000   -0.751409   
217.000000   -0.750757   
218.000000   -0.749225   
219.000000   -0.745626   
220.000000   -0.742202   
221.000000   -0.740061   
222.000000   -0.737087   
223.000000   -0.730733   
224.000000   -0.721607   
225.000000   -0.712780   
226.000000   -0.704409   
227.000000   -0.702056   
228.000000   -0.705429   
229.000000   -0.711051   
230.000000   -0.715872   
231.000000   -0.724211   
232.000000   -0.731755   
233.000000   -0.737277   
234.000000   -0.744273   
235.000000   -0.746722   
236.000000   -0.747890   
237.000000   -0.745595   
238.000000   -0.740216   
239.000000   -0.731297   
240.000000   -0.717071   
241.000000   -0.705467   
242.000000   -0.692569   
243.000000   -0.683248   
244.000000   -0.679299   
245.000000   -0.680298   
246.000000   -0.680503   
247.000000   -0.683565   
248.000000   -0.688512   
249.000000   -0.695984   
250.000000   -0.704816   
251.000000   -0.714034   
252.000000   -0.721893   
253.000000   -0.731382   
254.000000   -0.735893   
255.000000   -0.738602   
256.000000   -0.734389   
257.000000   -0.727591   
258.000000   -0.719260   
259.000000   -0.702876   
260.000000   -0.686140   
261.000000   -0.674493   
262.000000   -0.663395   
263.000000   -0.658120   
264.000000   -0.654842   
265.000000   -0.654494   
266.000000   -0.658021   
267.000000   -0.661039   
268.000000   -0.669629   
269.000000   -0.681401   
270.000000   -0.700298   
271.000000   -0.714087   
272.000000   -0.725618   
273.000000   -0.731787   
274.000000   -0.733514   
275.000000   -0.730145   
276.000000   -0.721818   
277.000000   -0.709789   
278.000000   -0.695249   
279.000000   -0.683277   
280.000000   -0.671014   
281.000000   -0.659768   
282.000000   -0.648726   
283.000000   -0.642320   
284.000000   -0.642598   
285.000000   -0.644149   
286.000000   -0.650811   
287.000000   -0.658916   
288.000000   -0.668249   
289.000000   -0.679082   
290.000000   -0.689269   
291.000000   -0.698559   
292.000000   -0.702642   
293.000000   -0.703190   
294.000000   -0.700901   
295.000000   -0.695386   
296.000000   -0.693251   
297.000000   -0.688130   
298.000000   -0.680725   
299.000000   -0.672775   
300.000000   -0.665055   
301.000000   -0.660038   
302.000000   -0.657848   
303.000000   -0.656523   
304.000000   -0.657113   
305.000000   -0.660896   
306.000000   -0.663380   
307.000000   -0.665822   
308.000000   -0.663874   
309.000000   -0.661393   
310.000000   -0.658817   
311.000000   -0.657025   
312.000000   -0.656767   
313.000000   -0.660437   
314.000000   -0.665542   
315.000000   -0.667598   
316.000000   -0.672150   
317.000000   -0.674813   
318.000000   -0.677903   
319.000000   -0.676500   
320.000000   -0.675949   
321.000000   -0.669804   
322.000000   -0.664019   
323.000000   -0.658486   
324.000000   -0.653927   
325.000000   -0.649420   
326.000000   -0.641681   
327.000000   -0.637787   
328.000000   -0.634753   
329.000000   -0.630640   
330.000000   -0.622870   
331.000000   -0.619240   
332.000000   -0.621934   
333.000000   -0.630526   
334.000000   -0.641363   
335.000000   -0.654555   
336.000000   -0.665349   
337.000000   -0.669864   
338.000000   -0.673168   
339.000000   -0.668762   
340.000000   -0.664643   
341.000000   -0.658020   
342.000000   -0.650561   
343.000000   -0.641531   
344.000000   -0.630542   
345.000000   -0.622649   
346.000000   -0.614470   
347.000000   -0.605789   
348.000000   -0.601420   
349.000000   -0.598345   
350.000000   -0.603456   
351.000000   -0.610700   
352.000000   -0.621264   
353.000000   -0.634171   
354.000000   -0.645969   
355.000000   -0.657315   
356.000000   -0.665903   
357.000000   -0.671169   
358.000000   -0.672887   
359.000000   -0.668948   
360.000000   -0.662929   
361.000000   -0.652458   
362.000000   -0.639009   
363.000000   -0.623123   
364.000000   -0.610018   
365.000000   -0.598350   
366.000000   -0.590145   
367.000000   -0.581717   
368.000000   -0.577957   
369.000000   -0.579679   
370.000000   -0.586842   
371.000000   -0.598007   
372.000000   -0.612864   
373.000000   -0.630456   
374.000000   -0.643439   
375.000000   -0.653816   
376.000000   -0.662011   
377.000000   -0.665356   
378.000000   -0.663378   
379.000000   -0.658521   
380.000000   -0.651183   
381.000000   -0.638262   
382.000000   -0.625312   
383.000000   -0.613068   
384.000000   -0.600504   
385.000000   -0.587688   
386.000000   -0.575500   
387.000000   -0.566102   
388.000000   -0.568725   
389.000000   -0.574025   
390.000000   -0.584908   
391.000000   -0.595299   
392.000000   -0.610038   
393.000000   -0.625635   
394.000000   -0.635345   
395.000000   -0.642623   
396.000000   -0.649531   
397.000000   -0.653735   
398.000000   -0.652034   
399.000000   -0.648096   
400.000000   -0.640008   
401.000000   -0.626723   
402.000000   -0.614355   
403.000000   -0.598024   
404.000000   -0.585439   
405.000000   -0.570794   
406.000000   -0.562644   
407.000000   -0.556658   
408.000000   -0.555165   
409.000000   -0.559680   
410.000000   -0.567649   
411.000000   -0.579661   
412.000000   -0.593768   
413.000000   -0.609081   
414.000000   -0.624218   
415.000000   -0.638410   
416.000000   -0.645820   
417.000000   -0.650429   
418.000000   -0.652557   
419.000000   -0.647169   
420.000000   -0.635500   
421.000000   -0.620896   
422.000000   -0.607141   
423.000000   -0.588537   
424.000000   -0.571311   
425.000000   -0.557146   
426.000000   -0.542563   
427.000000   -0.530325   
428.000000   -0.523537   
429.000000   -0.524543   
430.000000   -0.532222   
431.000000   -0.545158   
432.000000   -0.565114   
433.000000   -0.584003   
434.000000   -0.599667   
435.000000   -0.613300   
436.000000   -0.622450   
437.000000   -0.633464   
438.000000   -0.633804   
439.000000   -0.628677   
440.000000   -0.618659   
441.000000   -0.600087   
442.000000   -0.579841   
443.000000   -0.563391   
444.000000   -0.549507   
445.000000   -0.538959   
446.000000   -0.530918   
447.000000   -0.527015   
448.000000   -0.527258   
449.000000   -0.530275   
450.000000   -0.536868   
451.000000   -0.551185   
452.000000   -0.570119   
453.000000   -0.582613   
454.000000   -0.593219   
455.000000   -0.600659   
456.000000   -0.608351   
457.000000   -0.612896   
458.000000   -0.610407   
459.000000   -0.605282   
460.000000   -0.593342   
461.000000   -0.579491   
462.000000   -0.563331   
463.000000   -0.549159   
464.000000   -0.532995   
465.000000   -0.521306   
466.000000   -0.515460   
467.000000   -0.515038   
468.000000   -0.517811   
469.000000   -0.523479   
470.000000   -0.535956   
471.000000   -0.547886   
472.000000   -0.560820   
473.000000   -0.572088   
474.000000   -0.577783   
475.000000   -0.584296   
476.000000   -0.586281   
477.000000   -0.586751   
478.000000   -0.585074   
479.000000   -0.575581   
480.000000   -0.565629   
481.000000   -0.553488   
482.000000   -0.542526   
483.000000   -0.528251   
484.000000   -0.521835   
485.000000   -0.517386   
486.000000   -0.515274   
487.000000   -0.516309   
488.000000   -0.518871   
489.000000   -0.522787   
490.000000   -0.527307   
491.000000   -0.528355   
492.000000   -0.537432   
493.000000   -0.543717   
494.000000   -0.547919   
495.000000   -0.552860   
496.000000   -0.559276   
497.000000   -0.559447   
498.000000   -0.554276   
499.000000   -0.546411   
500.000000   -0.537836   
501.000000   -0.529913   
502.000000   -0.520570   
503.000000   -0.514000   
504.000000   -0.507318   
505.000000   -0.501755   
506.000000   -0.501134   
507.000000   -0.503116   
508.000000   -0.506038   
509.000000   -0.511193   
510.000000   -0.520489   
511.000000   -0.532075   
512.000000   -0.540887   
513.000000   -0.544862   
514.000000   -0.547385   
515.000000   -0.550086   
516.000000   -0.548365   
517.000000   -0.541025   
518.000000   -0.533727   
519.000000   -0.527774   
520.000000   -0.519801   
521.000000   -0.514952   
522.000000   -0.513879   
523.000000   -0.515138   
524.000000   -0.513065   
525.000000   -0.510508   
526.000000   -0.505669   
527.000000   -0.503598   
528.000000   -0.503173   
529.000000   -0.501826   
530.000000   -0.503195   
531.000000   -0.504676   
532.000000   -0.514855   
533.000000   -0.521507   
534.000000   -0.526201   
535.000000   -0.534302   
536.000000   -0.535245   
537.000000   -0.537457   
538.000000   -0.539214   
539.000000   -0.538029   
540.000000   -0.535092   
541.000000   -0.529248   
542.000000   -0.518855   
543.000000   -0.510097   
544.000000   -0.500550   
545.000000   -0.491543   
546.000000   -0.483809   
547.000000   -0.480311   
548.000000   -0.477168   
549.000000   -0.480970   
550.000000   -0.484131   
551.000000   -0.490387   
552.000000   -0.500391   
553.000000   -0.512371   
554.000000   -0.520775   
555.000000   -0.526826   
556.000000   -0.530044   
557.000000   -0.527739   
558.000000   -0.528185   
559.000000   -0.523795   
560.000000   -0.518540   
561.000000   -0.508192   
562.000000   -0.501740   
563.000000   -0.494312   
564.000000   -0.486038   
565.000000   -0.476524   
566.000000   -0.472644   
567.000000   -0.471974   
568.000000   -0.473920   
569.000000   -0.479498   
570.000000   -0.486931   
571.000000   -0.494464   
572.000000   -0.501273   
573.000000   -0.506122   
574.000000   -0.508580   
575.000000   -0.509191   
576.000000   -0.509357   
577.000000   -0.510058   
578.000000   -0.507343   
579.000000   -0.506034   
580.000000   -0.503179   
581.000000   -0.497021   
582.000000   -0.487969   
583.000000   -0.480094   
584.000000   -0.473349   
585.000000   -0.471315   
586.000000   -0.470484   
587.000000   -0.469506   
588.000000   -0.468420   
589.000000   -0.470200   
590.000000   -0.471071   
591.000000   -0.472820   
592.000000   -0.473584   
593.000000   -0.479657   
594.000000   -0.483075   
595.000000   -0.486388   
596.000000   -0.489676   
597.000000   -0.493983   
598.000000   -0.492840   
599.000000   -0.492857   
600.000000   -0.487702   
601.000000   -0.487032   
602.000000   -0.484735   
603.000000   -0.481055   
604.000000   -0.476325   
605.000000   -0.469801   
606.000000   -0.463723   
607.000000   -0.458713   
608.000000   -0.453661   
609.000000   -0.448502   
610.000000   -0.444747   
611.000000   -0.444977   
612.000000   -0.447816   
613.000000   -0.454909   
614.000000   -0.464231   
615.000000   -0.474895   
616.000000   -0.480942   
617.000000   -0.483169   
618.000000   -0.486088   
619.000000   -0.488706   
620.000000   -0.491143   
621.000000   -0.489601   
622.000000   -0.481615   
623.000000   -0.472227   
624.000000   -0.461469   
625.000000   -0.452441   
626.000000   -0.444102   
627.000000   -0.438439   
628.000000   -0.433111   
629.000000   -0.433278   
630.000000   -0.436341   
631.000000   -0.440724   
632.000000   -0.445280   
633.000000   -0.452163   
634.000000   -0.456530   
635.000000   -0.462889   
636.000000   -0.469495   
637.000000   -0.476595   
638.000000   -0.482125   
639.000000   -0.483297   
640.000000   -0.484722   
641.000000   -0.486708   
642.000000   -0.485733   
643.000000   -0.478346   
644.000000   -0.466405   
645.000000   -0.454332   
646.000000   -0.438211   
647.000000   -0.423454   
648.000000   -0.414811   
649.000000   -0.412464   
650.000000   -0.413625   
651.000000   -0.415676   
652.000000   -0.420324   
653.000000   -0.427151   
654.000000   -0.436007   
655.000000   -0.446914   
656.000000   -0.455821   
657.000000   -0.466129   
658.000000   -0.475177   
659.000000   -0.482497   
660.000000   -0.483826   
661.000000   -0.483089   
662.000000   -0.477200   
663.000000   -0.471872   
664.000000   -0.462512   
665.000000   -0.448731   
666.000000   -0.433599   
667.000000   -0.424696   
668.000000   -0.416914   
669.000000   -0.409689   
670.000000   -0.403249   
671.000000   -0.400658   
672.000000   -0.405367   
673.000000   -0.413159   
674.000000   -0.425518   
675.000000   -0.433629   
676.000000   -0.442520   
677.000000   -0.450566   
678.000000   -0.461089   
679.000000   -0.468611   
680.000000   -0.470736   
681.000000   -0.468861   
682.000000   -0.463430   
683.000000   -0.458039   
684.000000   -0.449149   
685.000000   -0.437582   
686.000000   -0.426102   
687.000000   -0.414466   
688.000000   -0.402555   
689.000000   -0.394473   
690.000000   -0.384117   
691.000000   -0.382007   
692.000000   -0.387615   
693.000000   -0.396802   
694.000000   -0.408589   
695.000000   -0.423250   
696.000000   -0.436905   
697.000000   -0.444352   
698.000000   -0.450806   
699.000000   -0.454746   
700.000000   -0.456626   
701.000000   -0.453197   
702.000000   -0.450045   
703.000000   -0.446186   
704.000000   -0.435233   
705.000000   -0.423875   
706.000000   -0.412729   
707.000000   -0.402058   
708.000000   -0.390355   
709.000000   -0.385627   
710.000000   -0.386085   
711.000000   -0.389184   
712.000000   -0.398435   
713.000000   -0.408700   
714.000000   -0.420793   
715.000000   -0.428245   
716.000000   -0.437597   
717.000000   -0.441616   
718.000000   -0.435731   
719.000000   -0.431342   
720.000000   -0.423538   
721.000000   -0.419992   
722.000000   -0.414691   
723.000000   -0.405993   
724.000000   -0.399006   
725.000000   -0.390982   
726.000000   -0.385151   
727.000000   -0.382810   
728.000000   -0.381911   
729.000000   -0.386277   
730.000000   -0.392339   
731.000000   -0.399109   
732.000000   -0.405338   
733.000000   -0.408127   
734.000000   -0.409895   
735.000000   -0.411064   
736.000000   -0.408119   
737.000000   -0.409270   
738.000000   -0.406809   
739.000000   -0.399756   
740.000000   -0.398419   
741.000000   -0.396939   
742.000000   -0.393708   
743.000000   -0.389959   
744.000000   -0.388036   
745.000000   -0.386875   
746.000000   -0.386833   
747.000000   -0.385744   
748.000000   -0.385191   
749.000000   -0.386704   
750.000000   -0.386321   
751.000000   -0.384543   
752.000000   -0.386383   
753.000000   -0.387410   
754.000000   -0.391615   
755.000000   -0.397484   
756.000000   -0.404229   
757.000000   -0.406138   
758.000000   -0.405610   
759.000000   -0.404963   
760.000000   -0.401457   
761.000000   -0.393065   
762.000000   -0.386749   
763.000000   -0.379695   
764.000000   -0.368232   
765.000000   -0.361557   
766.000000   -0.363793   
767.000000   -0.367883   
768.000000   -0.372753   
769.000000   -0.378851   
770.000000   -0.385172   
771.000000   -0.390807   
772.000000   -0.395251   
773.000000   -0.401434   
774.000000   -0.407180   
775.000000   -0.407687   
776.000000   -0.410965   
777.000000   -0.411909   
778.000000   -0.411400   
779.000000   -0.402079   
780.000000   -0.390651   
781.000000   -0.380374   
782.000000   -0.371663   
783.000000   -0.365001   
784.000000   -0.357847   
785.000000   -0.351966   
786.000000   -0.350683   
787.000000   -0.349742   
788.000000   -0.352203   
789.000000   -0.358081   
790.000000   -0.369388   
791.000000   -0.378949   
792.000000   -0.387576   
793.000000   -0.398252   
794.000000   -0.409907   
795.000000   -0.419757   
796.000000   -0.421187   
797.000000   -0.421627   
798.000000   -0.418185   
799.000000   -0.413030   
800.000000   -0.399303   
801.000000   -0.388467   
802.000000   -0.375454   
803.000000   -0.362801   
804.000000   -0.351521   
805.000000   -0.342267   
806.000000   -0.335401   
807.000000   -0.333132   
808.000000   -0.335705   
809.000000   -0.340512   
810.000000   -0.349902   
811.000000   -0.358730   
812.000000   -0.373980   
813.000000   -0.388401   
814.000000   -0.398585   
815.000000   -0.406729   
816.000000   -0.409231   
817.000000   -0.412326   
818.000000   -0.413095   
819.000000   -0.407502   
820.000000   -0.399026   
821.000000   -0.387064   
822.000000   -0.376474   
823.000000   -0.366138   
824.000000   -0.353681   
825.000000   -0.343009   
826.000000   -0.336606   
827.000000   -0.332591   
828.000000   -0.335745   
829.000000   -0.340045   
830.000000   -0.349111   
831.000000   -0.355385   
832.000000   -0.365206   
833.000000   -0.371416   
834.000000   -0.377615   
835.000000   -0.382372   
836.000000   -0.386080   
837.000000   -0.387686   
838.000000   -0.383773   
839.000000   -0.380384   
840.000000   -0.371112   
841.000000   -0.361611   
842.000000   -0.352576   
843.000000   -0.344193   
844.000000   -0.339318   
845.000000   -0.333444   
846.000000   -0.330752   
847.000000   -0.332111   
848.000000   -0.335206   
849.000000   -0.341963   
850.000000   -0.348791   
851.000000   -0.354169   
852.000000   -0.356679   
853.000000   -0.360933   
854.000000   -0.364089   
855.000000   -0.370651   
856.000000   -0.372705   
857.000000   -0.373183   
858.000000   -0.367501   
859.000000   -0.366737   
860.000000   -0.363205   
861.000000   -0.358404   
862.000000   -0.348193   
863.000000   -0.338000   
864.000000   -0.333120   
865.000000   -0.328487   
866.000000   -0.326750   
867.000000   -0.326853   
868.000000   -0.329678   
869.000000   -0.335418   
870.000000   -0.340994   
871.000000   -0.348157   
872.000000   -0.351853   
873.000000   -0.355987   
874.000000   -0.359268   
875.000000   -0.361437   
876.000000   -0.364074   
877.000000   -0.366476   
878.000000   -0.365318   
879.000000   -0.361320   
880.000000   -0.354144   
881.000000   -0.347504   
882.000000   -0.343376   
883.000000   -0.333659   
884.000000   -0.328748   
885.000000   -0.323094   
886.000000   -0.322763   
887.000000   -0.322974   
888.000000   -0.323885   
889.000000   -0.327071   
890.000000   -0.329325   
891.000000   -0.328893   
892.000000   -0.332795   
893.000000   -0.337470   
894.000000   -0.340775   
895.000000   -0.343866   
896.000000   -0.342748   
897.000000   -0.346574   
898.000000   -0.350322   
899.000000   -0.349620   
900.000000   -0.348160   
901.000000   -0.344319   
902.000000   -0.341783   
903.000000   -0.336072   
904.000000   -0.328728   
905.000000   -0.325351   
906.000000   -0.320124   
907.000000   -0.316878   
908.000000   -0.311954   
909.000000   -0.315227   
910.000000   -0.317468   
911.000000   -0.322382   
912.000000   -0.326958   
913.000000   -0.332102   
914.000000   -0.338071   
915.000000   -0.343988   
916.000000   -0.344541   
917.000000   -0.346188   
918.000000   -0.347182   
919.000000   -0.344680   
920.000000   -0.339666   
921.000000   -0.334999   
922.000000   -0.324398   
923.000000   -0.317052   
924.000000   -0.310782   
925.000000   -0.301780   
926.000000   -0.297928   
927.000000   -0.295846   
928.000000   -0.297124   
929.000000   -0.303633   
930.000000   -0.313045   
931.000000   -0.321379   
932.000000   -0.327365   
933.000000   -0.334833   
934.000000   -0.339225   
935.000000   -0.343131   
936.000000   -0.344506   
937.000000   -0.344871   
938.000000   -0.340215   
939.000000   -0.333229   
940.000000   -0.329016   
941.000000   -0.320554   
942.000000   -0.313464   
943.000000   -0.306133   
944.000000   -0.298250   
945.000000   -0.292652   
946.000000   -0.290509   
947.000000   -0.289963   
948.000000   -0.287834   
949.000000   -0.293134   
950.000000   -0.299130   
951.000000   -0.306291   
952.000000   -0.310878   
953.000000   -0.315853   
954.000000   -0.322865   
955.000000   -0.330962   
956.000000   -0.336937   
957.000000   -0.338645   
958.000000   -0.339019   
959.000000   -0.336801   
960.000000   -0.331923   
961.000000   -0.323733   
962.000000   -0.316431   
963.000000   -0.306115   
964.000000   -0.298607   
965.000000   -0.290691   
966.000000   -0.284404   
967.000000   -0.281595   
968.000000   -0.282026   
969.000000   -0.284037   
970.000000   -0.287747   
971.000000   -0.289757   
972.000000   -0.295702   
973.000000   -0.304806   
974.000000   -0.312003   
975.000000   -0.315646   
976.000000   -0.319818   
977.000000   -0.323514   
978.000000   -0.326496   
979.000000   -0.322135   
980.000000   -0.315669   
981.000000   -0.309657   
982.000000   -0.303234   
983.000000   -0.297137   
984.000000   -0.289428   
985.000000   -0.292104   
986.000000   -0.294860   
987.000000   -0.297565   
988.000000   -0.298767   
989.000000   -0.301734   
990.000000   -0.304727   
991.000000   -0.307073   
992.000000   -0.303775   
993.000000   -0.304168   
994.000000   -0.304858   
995.000000   -0.300706   
996.000000   -0.298971   
997.000000   -0.299644   
998.000000   -0.299734   
999.000000   -0.298312   
1000.000000   -0.298413   
1001.000000   -0.293716   
1002.000000   -0.288321   
1003.000000   -0.285012   
1004.000000   -0.282069   
1005.000000   -0.281262   
1006.000000   -0.284939   
1007.000000   -0.285031   
1008.000000   -0.284676   
1009.000000   -0.286198   
1010.000000   -0.286651   
1011.000000   -0.290738   
1012.000000   -0.297573   
1013.000000   -0.302618   
1014.000000   -0.307202   
1015.000000   -0.310924   
1016.000000   -0.306944   
1017.000000   -0.302202   
1018.000000   -0.295898   
1019.000000   -0.288884   
1020.000000   -0.282558   
1021.000000   -0.276083   
1022.000000   -0.270287   
1023.000000   -0.270590   
1024.000000   -0.271342   
1025.000000   -0.274582   
1026.000000   -0.277230   
1027.000000   -0.278943   
1028.000000   -0.280974   
1029.000000   -0.284051   
1030.000000   -0.285409   
1031.000000   -0.288256   
1032.000000   -0.290821   
1033.000000   -0.293922   
1034.000000   -0.292794   
1035.000000   -0.295781   
1036.000000   -0.297441   
1037.000000   -0.300420   
1038.000000   -0.298966   
1039.000000   -0.297430   
1040.000000   -0.290936   
1041.000000   -0.288169   
1042.000000   -0.284961   
1043.000000   -0.278363   
1044.000000   -0.271951   
1045.000000   -0.267864   
1046.000000   -0.262738   
1047.000000   -0.259860   
1048.000000   -0.260329   
1049.000000   -0.266602   
1050.000000   -0.271897   
1051.000000   -0.279282   
1052.000000   -0.285935   
1053.000000   -0.292163   
1054.000000   -0.299384   
1055.000000   -0.304511   
1056.000000   -0.305722   
1057.000000   -0.306067   
1058.000000   -0.303754   
1059.000000   -0.300290   
1060.000000   -0.293308   
1061.000000   -0.283508   
1062.000000   -0.278087   
1063.000000   -0.271210   
1064.000000   -0.267286   
1065.000000   -0.260973   
1066.000000   -0.256550   
1067.000000   -0.254934   
1068.000000   -0.254788   
1069.000000   -0.256875   
1070.000000   -0.259653   
1071.000000   -0.266679   
1072.000000   -0.276531   
1073.000000   -0.288720   
1074.000000   -0.299265   
1075.000000   -0.306678   
1076.000000   -0.309677   
1077.000000   -0.310170   
1078.000000   -0.305988   
1079.000000   -0.301427   
1080.000000   -0.291411   
1081.000000   -0.279329   
1082.000000   -0.269143   
1083.000000   -0.259835   
1084.000000   -0.249725   
1085.000000   -0.240584   
1086.000000   -0.237190   
1087.000000   -0.237920   
1088.000000   -0.240195   
1089.000000   -0.242757   
1090.000000   -0.250086   
1091.000000   -0.257115   
1092.000000   -0.264782   
1093.000000   -0.270704   
1094.000000   -0.277552   
1095.000000   -0.286478   
1096.000000   -0.293562   
1097.000000   -0.304320   
1098.000000   -0.305602   
1099.000000   -0.302484   
1100.000000   -0.296353   
1101.000000   -0.284119   
1102.000000   -0.274950   
1103.000000   -0.265676   
1104.000000   -0.256145   
1105.000000   -0.247147   
1106.000000   -0.240706   
1107.000000   -0.239318   
1108.000000   -0.233888   
1109.000000   -0.236350   
1110.000000   -0.246073   
1111.000000   -0.254230   
1112.000000   -0.266253   
1113.000000   -0.269952   
1114.000000   -0.274810   
1115.000000   -0.279373   
1116.000000   -0.280767   
1117.000000   -0.284606   
1118.000000   -0.282577   
1119.000000   -0.279077   
1120.000000   -0.273889   
1121.000000   -0.266953   
1122.000000   -0.256567   
1123.000000   -0.248120   
1124.000000   -0.242680   
1125.000000   -0.236959   
1126.000000   -0.240244   
1127.000000   -0.242764   
1128.000000   -0.245043   
1129.000000   -0.245983   
1130.000000   -0.253240   
1131.000000   -0.261972   
1132.000000   -0.269101   
1133.000000   -0.278362   
1134.000000   -0.285282   
1135.000000   -0.287721   
1136.000000   -0.287723   
1137.000000   -0.285660   
1138.000000   -0.279326   
1139.000000   -0.273732   
1140.000000   -0.266454   
1141.000000   -0.258063   
1142.000000   -0.248251   
1143.000000   -0.241392   
1144.000000   -0.235909   
1145.000000   -0.231684   
1146.000000   -0.236758   
1147.000000   -0.241517   
1148.000000   -0.251133   
1149.000000   -0.262756   
1150.000000   -0.274196   
1151.000000   -0.277670   
1152.000000   -0.278310   
1153.000000   -0.280211   
1154.000000   -0.275242   
1155.000000   -0.274167   
1156.000000   -0.271361   
1157.000000   -0.262822   
1158.000000   -0.252619   
1159.000000   -0.240356   
1160.000000   -0.226546   
1161.000000   -0.217337   
1162.000000   -0.213521   
1163.000000   -0.212607   
1164.000000   -0.212743   
1165.000000   -0.218984   
1166.000000   -0.228275   
1167.000000   -0.238049   
1168.000000   -0.248905   
1169.000000   -0.254520   
1170.000000   -0.263378   
1171.000000   -0.270693   
1172.000000   -0.273266   
1173.000000   -0.272840   
1174.000000   -0.269192   
1175.000000   -0.266021   
1176.000000   -0.262236   
1177.000000   -0.252138   
1178.000000   -0.243968   
1179.000000   -0.233441   
1180.000000   -0.226806   
1181.000000   -0.222069   
1182.000000   -0.215373   
1183.000000   -0.211228   
1184.000000   -0.208387   
1185.000000   -0.209996   
1186.000000   -0.211714   
1187.000000   -0.215589   
1188.000000   -0.218932   
1189.000000   -0.221861   
1190.000000   -0.223331   
1191.000000   -0.231984   
1192.000000   -0.237472   
1193.000000   -0.246824   
1194.000000   -0.253105   
1195.000000   -0.250992   
1196.000000   -0.247810   
1197.000000   -0.242745   
1198.000000   -0.238073   
1199.000000   -0.233969   
1200.000000   -0.225463   
1201.000000   -0.217993   
1202.000000   -0.212977   
1203.000000   -0.210259   
1204.000000   -0.209481   
1205.000000   -0.208195   
1206.000000   -0.209165   
1207.000000   -0.212598   
1208.000000   -0.216602   
1209.000000   -0.226089   
1210.000000   -0.232121   
1211.000000   -0.237226   
1212.000000   -0.243318   
1213.000000   -0.246717   
1214.000000   -0.248097   
1215.000000   -0.248038   
1216.000000   -0.242718   
1217.000000   -0.235484   
1218.000000   -0.226952   
1219.000000   -0.221605   
1220.000000   -0.213768   
1221.000000   -0.201064   
1222.000000   -0.195335   
1223.000000   -0.194865   
1224.000000   -0.194614   
1225.000000   -0.193502   
1226.000000   -0.196046   
1227.000000   -0.202243   
1228.000000   -0.207460   
1229.000000   -0.216022   
1230.000000   -0.225475   
1231.000000   -0.231477   
1232.000000   -0.240319   
1233.000000   -0.250456   
1234.000000   -0.254040   
1235.000000   -0.250024   
1236.000000   -0.246607   
1237.000000   -0.238755   
1238.000000   -0.228725   
1239.000000   -0.218306   
1240.000000   -0.208443   
1241.000000   -0.199938   
1242.000000   -0.192492   
1243.000000   -0.187653   
1244.000000   -0.186305   
1245.000000   -0.186450   
1246.000000   -0.190051   
1247.000000   -0.196710   
1248.000000   -0.207590   
1249.000000   -0.218102   
1250.000000   -0.225124   
1251.000000   -0.234189   
1252.000000   -0.237085   
1253.000000   -0.238750   
1254.000000   -0.237062   
1255.000000   -0.235900   
1256.000000   -0.231315   
1257.000000   -0.223288   
1258.000000   -0.215689   
1259.000000   -0.206102   
1260.000000   -0.197068   
1261.000000   -0.186624   
1262.000000   -0.183165   
1263.000000   -0.178514   
1264.000000   -0.179860   
1265.000000   -0.183980   
1266.000000   -0.189156   
1267.000000   -0.197016   
1268.000000   -0.203884   
1269.000000   -0.215658   
1270.000000   -0.221542   
1271.000000   -0.227743   
1272.000000   -0.231324   
1273.000000   -0.232972   
1274.000000   -0.231040   
1275.000000   -0.227987   
1276.000000   -0.221539   
1277.000000   -0.217165   
1278.000000   -0.208951   
1279.000000   -0.200508   
1280.000000   -0.194310   
1281.000000   -0.188905   
1282.000000   -0.188386   
1283.000000   -0.187042   
1284.000000   -0.191070   
1285.000000   -0.194657   
1286.000000   -0.200153   
1287.000000   -0.205375   
1288.000000   -0.211397   
1289.000000   -0.216826   
1290.000000   -0.219963   
1291.000000   -0.224935   
1292.000000   -0.227437   
1293.000000   -0.227588   
1294.000000   -0.224623   
1295.000000   -0.225187   
1296.000000   -0.220818   
1297.000000   -0.216376   
1298.000000   -0.211975   
1299.000000   -0.206127   
1300.000000   -0.205805   
1301.000000   -0.203872   
1302.000000   -0.198762   
1303.000000   -0.194408   
1304.000000   -0.185854   
1305.000000   -0.184011   
1306.000000   -0.183622   
1307.000000   -0.181984   
1308.000000   -0.185757   
1309.000000   -0.187780   
1310.000000   -0.194197   
1311.000000   -0.201297   
1312.000000   -0.208119   
1313.000000   -0.214355   
1314.000000   -0.220999   
1315.000000   -0.224319   
1316.000000   -0.222914   
1317.000000   -0.221530   
1318.000000   -0.218580   
1319.000000   -0.211001   
1320.000000   -0.201991   
1321.000000   -0.194207   
1322.000000   -0.185717   
1323.000000   -0.180035   
1324.000000   -0.172156   
1325.000000   -0.166857   
1326.000000   -0.167129   
1327.000000   -0.171093   
1328.000000   -0.173091   
1329.000000   -0.176486   
1330.000000   -0.184651   
1331.000000   -0.190966   
1332.000000   -0.200058   
1333.000000   -0.207198   
1334.000000   -0.211612   
1335.000000   -0.217077   
1336.000000   -0.218184   
1337.000000   -0.218741   
1338.000000   -0.213624   
1339.000000   -0.207530   
1340.000000   -0.202366   
1341.000000   -0.198171   
1342.000000   -0.193991   
1343.000000   -0.189917   
1344.000000   -0.188333   
1345.000000   -0.188925   
1346.000000   -0.186923   
1347.000000   -0.185771   
1348.000000   -0.183879   
1349.000000   -0.186380   
1350.000000   -0.189989   
1351.000000   -0.188774   
1352.000000   -0.192541   
1353.000000   -0.193617   
1354.000000   -0.200668   
1355.000000   -0.202582   
1356.000000   -0.203771   
1357.000000   -0.204783   
1358.000000   -0.201965   
1359.000000   -0.199446   
1360.000000   -0.199857   
1361.000000   -0.198732   
1362.000000   -0.194640   
1363.000000   -0.189412   
1364.000000   -0.186876   
1365.000000   -0.185297   
1366.000000   -0.185939   
1367.000000   -0.183607   
1368.000000   -0.179290   
1369.000000   -0.179259   
1370.000000   -0.184763   
1371.000000   -0.189221   
1372.000000   -0.190581   
1373.000000   -0.188959   
1374.000000   -0.192322   
1375.000000   -0.191984   
1376.000000   -0.192755   
1377.000000   -0.193040   
1378.000000   -0.195517   
1379.000000   -0.196021   
1380.000000   -0.198853   
1381.000000   -0.199078   
1382.000000   -0.199013   
1383.000000   -0.198433   
1384.000000   -0.194034   
1385.000000   -0.192971   
1386.000000   -0.192649   
1387.000000   -0.191957   
1388.000000   -0.190706   
1389.000000   -0.188990   
1390.000000   -0.191651   
1391.000000   -0.195135   
1392.000000   -0.194932   
1393.000000   -0.193406   
1394.000000   -0.190041   
1395.000000   -0.189034   
1396.000000   -0.187865   
1397.000000   -0.189282   
1398.000000   -0.190021   
1399.000000   -0.191137   
1400.000000   -0.194509   
1401.000000   -0.196377   
1402.000000   -0.199983   
1403.000000   -0.201597   
1404.000000   -0.204792   
1405.000000   -0.206290   
1406.000000   -0.201884   
1407.000000   -0.194794   
1408.000000   -0.191841   
1409.000000   -0.189988   
1410.000000   -0.188494   
1411.000000   -0.188011   
1412.000000   -0.189143   
1413.000000   -0.187496   
1414.000000   -0.184468   
1415.000000   -0.181216   
1416.000000   -0.174039   
1417.000000   -0.167815   
1418.000000   -0.170640   
1419.000000   -0.171048   
1420.000000   -0.176219   
1421.000000   -0.180958   
1422.000000   -0.185742   
1423.000000   -0.189010   
1424.000000   -0.193236   
1425.000000   -0.199707   
1426.000000   -0.201242   
1427.000000   -0.201252   
1428.000000   -0.198724   
1429.000000   -0.195286   
1430.000000   -0.190022   
1431.000000   -0.181106   
1432.000000   -0.174873   
1433.000000   -0.169828   
1434.000000   -0.169825   
1435.000000   -0.167606   
1436.000000   -0.169649   
1437.000000   -0.169748   
1438.000000   -0.170480   
1439.000000   -0.174050   
1440.000000   -0.173870   
1441.000000   -0.177602   
1442.000000   -0.185038   
1443.000000   -0.188967   
1444.000000   -0.194387   
1445.000000   -0.192452   
1446.000000   -0.194620   
1447.000000   -0.194092   
1448.000000   -0.188593   
1449.000000   -0.182866   
1450.000000   -0.177989   
1451.000000   -0.174908   
1452.000000   -0.172361   
1453.000000   -0.171076   
1454.000000   -0.168602   
1455.000000   -0.169239   
1456.000000   -0.172002   
1457.000000   -0.173885   
1458.000000   -0.176725   
1459.000000   -0.177930   
1460.000000   -0.177764   
1461.000000   -0.184117   
1462.000000   -0.185690   
1463.000000   -0.185417   
1464.000000   -0.188348   
1465.000000   -0.192852   
1466.000000   -0.192197   
1467.000000   -0.193107   
1468.000000   -0.190295   
1469.000000   -0.186540   
1470.000000   -0.178336   
1471.000000   -0.175519   
1472.000000   -0.167756   
1473.000000   -0.160345   
1474.000000   -0.157185   
1475.000000   -0.154148   
1476.000000   -0.151233   
1477.000000   -0.153805   
1478.000000   -0.154103   
1479.000000   -0.155259   
1480.000000   -0.161086   
1481.000000   -0.168341   
1482.000000   -0.176877   
1483.000000   -0.188877   
1484.000000   -0.195112   
1485.000000   -0.199726   
1486.000000   -0.199895   
1487.000000   -0.198350   
1488.000000   -0.196511   
1489.000000   -0.194917   
1490.000000   -0.191109   
1491.000000   -0.181560   
1492.000000   -0.173072   
1493.000000   -0.165669   
1494.000000   -0.159947   
1495.000000   -0.154164   
1496.000000   -0.148686   
1497.000000   -0.144703   
1498.000000   -0.143698   
1499.000000   -0.143490   
1500.000000   -0.145149   
1501.000000   -0.155396   
1502.000000   -0.164534   
1503.000000   -0.176004   
1504.000000   -0.187114   
1505.000000   -0.194619   
1506.000000   -0.201319   
1507.000000   -0.207135   
1508.000000   -0.205783   
1509.000000   -0.203173   
1510.000000   -0.194861   
1511.000000   -0.188568   
1512.000000   -0.176101   
1513.000000   -0.165254   
1514.000000   -0.156631   
1515.000000   -0.145413   
1516.000000   -0.136371   
1517.000000   -0.128655   
1518.000000   -0.124397   
1519.000000   -0.128982   
1520.000000   -0.130922   
1521.000000   -0.141820   
1522.000000   -0.150869   
1523.000000   -0.165321   
1524.000000   -0.182641   
1525.000000   -0.197629   
1526.000000   -0.209086   
1527.000000   -0.215132   
1528.000000   -0.217352   
1529.000000   -0.214595   
1530.000000   -0.205708   
1531.000000   -0.195886   
1532.000000   -0.181069   
1533.000000   -0.163789   
1534.000000   -0.147945   
1535.000000   -0.132290   
1536.000000   -0.120293   
1537.000000   -0.112954   
1538.000000   -0.109359   
1539.000000   -0.115048   
1540.000000   -0.122983   
1541.000000   -0.134111   
1542.000000   -0.149847   
1543.000000   -0.163317   
1544.000000   -0.175721   
1545.000000   -0.190727   
1546.000000   -0.203965   
1547.000000   -0.213926   
1548.000000   -0.218316   
1549.000000   -0.218546   
1550.000000   -0.214293   
1551.000000   -0.207129   
1552.000000   -0.192261   
1553.000000   -0.176858   
1554.000000   -0.156761   
1555.000000   -0.136233   
1556.000000   -0.121829   
1557.000000   -0.112015   
1558.000000   -0.103713   
1559.000000   -0.104160   
1560.000000   -0.109680   
1561.000000   -0.119199   
1562.000000   -0.129206   
1563.000000   -0.145554   
1564.000000   -0.163823   
1565.000000   -0.178175   
1566.000000   -0.192527   
1567.000000   -0.203712   
1568.000000   -0.207114   
1569.000000   -0.207430   
1570.000000   -0.203405   
1571.000000   -0.196083   
1572.000000   -0.183369   
1573.000000   -0.171459   
1574.000000   -0.157283   
1575.000000   -0.138079   
1576.000000   -0.128461   
1577.000000   -0.116342   
1578.000000   -0.107743   
1579.000000   -0.100969   
1580.000000   -0.102982   
1581.000000   -0.107253   
1582.000000   -0.119044   
1583.000000   -0.136204   
1584.000000   -0.151484   
1585.000000   -0.163512   
1586.000000   -0.178366   
1587.000000   -0.189019   
1588.000000   -0.193305   
1589.000000   -0.192809   
1590.000000   -0.191173   
1591.000000   -0.181870   
1592.000000   -0.172992   
1593.000000   -0.163832   
1594.000000   -0.153145   
1595.000000   -0.141491   
1596.000000   -0.132011   
1597.000000   -0.124753   
1598.000000   -0.119701   
1599.000000   -0.115772   
1600.000000   -0.113852   
1601.000000   -0.114978   
1602.000000   -0.118846   
1603.000000   -0.125636   
1604.000000   -0.134423   
1605.000000   -0.141270   
1606.000000   -0.152530   
1607.000000   -0.165165   
1608.000000   -0.176164   
1609.000000   -0.182945   
1610.000000   -0.182970   
1611.000000   -0.178069   
1612.000000   -0.171342   
1613.000000   -0.166316   
1614.000000   -0.157093   
1615.000000   -0.145506   
1616.000000   -0.134989   
1617.000000   -0.123499   
1618.000000   -0.112522   
1619.000000   -0.106624   
1620.000000   -0.116385   
1621.000000   -0.119732   
1622.000000   -0.123937   
1623.000000   -0.132357   
1624.000000   -0.140780   
1625.000000   -0.149536   
1626.000000   -0.156323   
1627.000000   -0.166658   
1628.000000   -0.176580   
1629.000000   -0.183027   
1630.000000   -0.181181   
1631.000000   -0.177747   
1632.000000   -0.171868   
1633.000000   -0.163457   
1634.000000   -0.150312   
1635.000000   -0.136852   
1636.000000   -0.123410   
1637.000000   -0.112545   
1638.000000   -0.104225   
1639.000000   -0.102156   
1640.000000   -0.104614   
1641.000000   -0.108940   
1642.000000   -0.113813   
1643.000000   -0.122730   
1644.000000   -0.135418   
1645.000000   -0.147343   
1646.000000   -0.160453   
1647.000000   -0.171347   
1648.000000   -0.176551   
1649.000000   -0.181256   
1650.000000   -0.178862   
1651.000000   -0.172611   
1652.000000   -0.161241   
1653.000000   -0.149676   
1654.000000   -0.136783   
1655.000000   -0.127621   
1656.000000   -0.118821   
1657.000000   -0.109013   
1658.000000   -0.101926   
1659.000000   -0.097708   
1660.000000   -0.096905   
1661.000000   -0.102235   
1662.000000   -0.111946   
1663.000000   -0.121130   
1664.000000   -0.132013   
1665.000000   -0.145671   
1666.000000   -0.157110   
1667.000000   -0.163829   
1668.000000   -0.165340   
1669.000000   -0.168152   
1670.000000   -0.161809   
1671.000000   -0.159050   
1672.000000   -0.151118   
1673.000000   -0.140142   
1674.000000   -0.128447   
1675.000000   -0.122643   
1676.000000   -0.114580   
1677.000000   -0.111112   
1678.000000   -0.113236   
1679.000000   -0.114973   
1680.000000   -0.114681   
1681.000000   -0.120100   
1682.000000   -0.121578   
1683.000000   -0.128865   
1684.000000   -0.135348   
1685.000000   -0.136073   
1686.000000   -0.138174   
1687.000000   -0.142300   
1688.000000   -0.147438   
1689.000000   -0.150039   
1690.000000   -0.156446   
1691.000000   -0.160838   
1692.000000   -0.157789   
1693.000000   -0.155641   
1694.000000   -0.150402   
1695.000000   -0.142620   
1696.000000   -0.135270   
1697.000000   -0.127795   
1698.000000   -0.119921   
1699.000000   -0.110457   
1700.000000   -0.107882   
1701.000000   -0.104717   
1702.000000   -0.102336   
1703.000000   -0.103384   
1704.000000   -0.108357   
1705.000000   -0.113423   
1706.000000   -0.120953   
1707.000000   -0.129710   
1708.000000   -0.141011   
1709.000000   -0.149437   
1710.000000   -0.153386   
1711.000000   -0.160879   
1712.000000   -0.165944   
1713.000000   -0.166029   
1714.000000   -0.161727   
1715.000000   -0.151718   
1716.000000   -0.141910   
1717.000000   -0.127813   
1718.000000   -0.120579   
1719.000000   -0.110416   
1720.000000   -0.106713   
1721.000000   -0.100815   
1722.000000   -0.099156   
1723.000000   -0.101690   
1724.000000   -0.108656   
1725.000000   -0.116285   
1726.000000   -0.124636   
1727.000000   -0.131756   
1728.000000   -0.144170   
1729.000000   -0.149624   
1730.000000   -0.150880   
1731.000000   -0.153807   
1732.000000   -0.153218   
1733.000000   -0.149710   
1734.000000   -0.148828   
1735.000000   -0.140237   
1736.000000   -0.131432   
1737.000000   -0.124998   
1738.000000   -0.120434   
1739.000000   -0.111585   
1740.000000   -0.109163   
1741.000000   -0.113739   
1742.000000   -0.115758   
1743.000000   -0.119051   
1744.000000   -0.123091   
1745.000000   -0.129920   
1746.000000   -0.134104   
1747.000000   -0.138338   
1748.000000   -0.140540   
1749.000000   -0.143228   
1750.000000   -0.146407   
1751.000000   -0.148073   
1752.000000   -0.148698   
1753.000000   -0.143603   
1754.000000   -0.134698   
1755.000000   -0.128864   
1756.000000   -0.116303   
1757.000000   -0.106233   
1758.000000   -0.097777   
1759.000000   -0.094420   
1760.000000   -0.092239   
1761.000000   -0.093025   
1762.000000   -0.095693   
1763.000000   -0.101490   
1764.000000   -0.114288   
1765.000000   -0.123226   
1766.000000   -0.133739   
1767.000000   -0.142103   
1768.000000   -0.147943   
1769.000000   -0.149450   
1770.000000   -0.149549   
1771.000000   -0.148890   
1772.000000   -0.143312   
1773.000000   -0.132888   
1774.000000   -0.122439   
1775.000000   -0.115698   
1776.000000   -0.106800   
1777.000000   -0.100672   
1778.000000   -0.098476   
1779.000000   -0.102263   
1780.000000   -0.103932   
1781.000000   -0.108383   
1782.000000   -0.116058   
1783.000000   -0.121024   
1784.000000   -0.124365   
1785.000000   -0.127414   
1786.000000   -0.130360   
1787.000000   -0.132822   
1788.000000   -0.133813   
1789.000000   -0.130846   
1790.000000   -0.128506   
1791.000000   -0.121778   
1792.000000   -0.118604   
1793.000000   -0.115354   
1794.000000   -0.115168   
1795.000000   -0.113923   
1796.000000   -0.112601   
1797.000000   -0.113178   
1798.000000   -0.113540   
1799.000000   -0.115562   
1800.000000   -0.114692   
1801.000000   -0.115069   
1802.000000   -0.115497   
1803.000000   -0.118026   
1804.000000   -0.122557   
1805.000000   -0.126119   
1806.000000   -0.127113   
1807.000000   -0.126676   
1808.000000   -0.128135   
1809.000000   -0.123935   
1810.000000   -0.123265   
1811.000000   -0.120917   
1812.000000   -0.119555   
1813.000000   -0.114757   
1814.000000   -0.112200   
1815.000000   -0.112619   
1816.000000   -0.113404   
1817.000000   -0.117703   
1818.000000   -0.121706   
1819.000000   -0.120283   
1820.000000   -0.124223   
1821.000000   -0.125500   
1822.000000   -0.127558   
1823.000000   -0.128352   
1824.000000   -0.129961   
1825.000000   -0.129531   
1826.000000   -0.127197   
1827.000000   -0.118913   
1828.000000   -0.117309   
1829.000000   -0.114589   
1830.000000   -0.110872   
1831.000000   -0.108628   
1832.000000   -0.108219   
1833.000000   -0.105980   
1834.000000   -0.107599   
1835.000000   -0.108051   
1836.000000   -0.112905   
1837.000000   -0.111259   
1838.000000   -0.112332   
1839.000000   -0.112415   
1840.000000   -0.116996   
1841.000000   -0.120473   
1842.000000   -0.127207   
1843.000000   -0.128498   
1844.000000   -0.128194   
1845.000000   -0.123988   
1846.000000   -0.119265   
1847.000000   -0.114664   
1848.000000   -0.113102   
1849.000000   -0.108468   
1850.000000   -0.103854   
1851.000000   -0.106086   
1852.000000   -0.103747   
1853.000000   -0.103201   
1854.000000   -0.104605   
1855.000000   -0.107612   
1856.000000   -0.105714   
1857.000000   -0.107684   
1858.000000   -0.110144   
1859.000000   -0.107587   
1860.000000   -0.108707   
1861.000000   -0.110483   
1862.000000   -0.113451   
1863.000000   -0.116693   
1864.000000   -0.117030   
1865.000000   -0.115327   
1866.000000   -0.116461   
1867.000000   -0.115813   
1868.000000   -0.113594   
1869.000000   -0.110875   
1870.000000   -0.112528   
1871.000000   -0.116003   
1872.000000   -0.114083   
1873.000000   -0.116370   
1874.000000   -0.112711   
1875.000000   -0.109293   
1876.000000   -0.105605   
1877.000000   -0.104156   
1878.000000   -0.102145   
1879.000000   -0.103747   
1880.000000   -0.106269   
1881.000000   -0.110964   
1882.000000   -0.114328   
1883.000000   -0.115513   
1884.000000   -0.116495   
1885.000000   -0.117430   
1886.000000   -0.118838   
1887.000000   -0.121039   
1888.000000   -0.120534   
1889.000000   -0.119662   
1890.000000   -0.114259   
1891.000000   -0.108723   
1892.000000   -0.104518   
1893.000000   -0.100689   
1894.000000   -0.098026   
1895.000000   -0.093057   
1896.000000   -0.093905   
1897.000000   -0.092231   
1898.000000   -0.097252   
1899.000000   -0.106110   
1900.000000   -0.113322   
1901.000000   -0.117183   
1902.000000   -0.123213   
1903.000000   -0.131927   
1904.000000   -0.136532   
1905.000000   -0.139651   
1906.000000   -0.136624   
1907.000000   -0.133298   
1908.000000   -0.126570   
1909.000000   -0.123686   
1910.000000   -0.118386   
1911.000000   -0.111275   
1912.000000   -0.107799   
1913.000000   -0.104045   
1914.000000   -0.102726   
1915.000000   -0.100520   
1916.000000   -0.100467   
1917.000000   -0.100735   
1918.000000   -0.102766   
1919.000000   -0.105926   
1920.000000   -0.113514   
1921.000000   -0.122220   
1922.000000   -0.128101   
1923.000000   -0.128669   
1924.000000   -0.131579   
1925.000000   -0.131699   
1926.000000   -0.132126   
1927.000000   -0.127563   
1928.000000   -0.122188   
1929.000000   -0.117066   
1930.000000   -0.113675   
1931.000000   -0.110166   
1932.000000   -0.104899   
1933.000000   -0.102473   
1934.000000   -0.098643   
1935.000000   -0.100678   
1936.000000   -0.100122   
1937.000000   -0.100798   
1938.000000   -0.104429   
1939.000000   -0.103698   
1940.000000   -0.105976   
1941.000000   -0.104411   
1942.000000   -0.107585   
1943.000000   -0.114013   
1944.000000   -0.120638   
1945.000000   -0.125892   
1946.000000   -0.129737   
1947.000000   -0.134100   
1948.000000   -0.133847   
1949.000000   -0.134573   
1950.000000   -0.133024   
1951.000000   -0.134930   
1952.000000   -0.130401   
1953.000000   -0.121437   
1954.000000   -0.113699   
1955.000000   -0.103920   
1956.000000   -0.098649   
1957.000000   -0.092283   
1958.000000   -0.089750   
1959.000000   -0.085073   
1960.000000   -0.085291   
1961.000000   -0.089349   
1962.000000   -0.097325   
1963.000000   -0.105604   
1964.000000   -0.115019   
1965.000000   -0.123494   
1966.000000   -0.127000   
1967.000000   -0.131930   
1968.000000   -0.135167   
1969.000000   -0.135034   
1970.000000   -0.125823   
1971.000000   -0.121928   
1972.000000   -0.118263   
1973.000000   -0.113069   
1974.000000   -0.108228   
1975.000000   -0.104203   
1976.000000   -0.099544   
1977.000000   -0.097309   
1978.000000   -0.096632   
1979.000000   -0.092233   
1980.000000   -0.091838   
1981.000000   -0.090203   
1982.000000   -0.099021   
1983.000000   -0.107233   
1984.000000   -0.110095   
1985.000000   -0.111761   
1986.000000   -0.113599   
1987.000000   -0.116604   
1988.000000   -0.119800   
1989.000000   -0.119235   
1990.000000   -0.119157   
1991.000000   -0.119568   
1992.000000   -0.119439   
1993.000000   -0.117586   
1994.000000   -0.112513   
1995.000000   -0.108728   
1996.000000   -0.102662   
1997.000000   -0.094773   
1998.000000   -0.090070   
1999.000000   -0.084515   
2000.000000   -0.081459   
