0 -0.769739 
1 -0.453754 
2 -0.355920 
3 -0.125256 
4 -0.725690 
5 -1.034983 
6 -1.145647 
7 -0.953632 
8 -0.982878 
9 -0.634811 
10 -0.804574 
11 -0.249972 
12 -0.906358 
13 -0.510179 
14 -0.372477 
15 -0.727367 
16 -0.747286 
17 -0.494803 
18 -0.126571 
19 -0.037439 
20 -1.040834 
21 -0.695375 
22 -0.395401 
23 -1.100097 
24 -0.724245 
25 -0.531029 
26 -0.718133 
27 -0.861855 
28 -0.465568 
29 -0.180101 
30 -0.851306 
31 -0.484488 
32 -0.639618 
33 -0.584235 
34 -0.638101 
35 -0.637088 
36 -1.232167 
37 -1.016729 
38 -0.361268 
39 -0.734610 
40 -0.775292 
41 -0.583942 
42 -0.504422 
43 -0.950351 
44 -0.709382 
45 -0.957135 
46 -0.473490 
47 -0.459277 
48 -0.361141 
49 -0.981921 
50 -0.535742 
51 -0.715451 
52 -0.417898 
53 -0.713902 
54 -0.705515 
55 -0.523323 
56 -0.735361 
57 -0.421260 
58 -0.638834 
59 -0.437101 
60 -0.604017 
61 -0.594530 
62 -0.942483 
63 -0.703177 
64 -0.945285 
65 -0.673364 
66 -0.410159 
67 -0.699515 
68 -0.692530 
69 -0.887623 
70 -0.240753 
71 -0.692573 
72 -0.536538 
73 -0.482033 
74 -0.304997 
75 -0.782307 
76 -0.471418 
77 -0.846031 
78 -1.027118 
79 -0.753439 
80 -0.783759 
81 -0.934638 
82 -0.711481 
83 -0.399144 
84 -0.287506 
85 -0.747429 
86 -1.101717 
87 -0.998397 
88 -0.902277 
89 -0.845659 
90 -0.620095 
91 -0.304967 
92 -0.454680 
93 -0.582242 
94 -0.526780 
95 -0.032126 
96 -0.619385 
97 -0.826698 
98 -0.769095 
99 -0.539911 
100 -0.448391 
101 -0.715136 
102 -0.104208 
103 -1.140450 
104 -0.545093 
105 -0.397197 
106 -0.840427 
107 -0.670757 
108 -0.458399 
109 -0.975551 
110 -0.326660 
111 -0.796386 
112 -0.431820 
113 -0.883883 
114 -0.143672 
115 -0.845252 
116 -0.890847 
117 -0.053459 
118 -0.335395 
119 -0.499259 
120 -0.877453 
121 -0.456896 
122 -0.881273 
123 -0.415701 
124 -0.585286 
125 -1.476844 
126 -0.463468 
127 -0.747743 
128 -0.383658 
129 -0.565618 
130 -0.389280 
131 -0.335650 
132 -0.421583 
133 -0.636185 
134 -1.150478 
135 -0.440639 
136 -0.586197 
137 -0.447250 
138 -0.161432 
139 -0.502377 
140 -1.146153 
141 -0.675649 
142 -0.788031 
143 -0.552676 
144 -0.974013 
145 -0.522263 
146 -0.568013 
147 -0.435731 
148 -0.517288 
149 -0.688477 
150 -0.357088 
151 -0.842960 
152 -0.505674 
153 -0.697683 
154 -0.806906 
155 -0.782837 
156 -1.016382 
157 -0.748796 
158 -0.267419 
159 -1.320500 
160 -0.763358 
161 -0.618869 
162 -0.304066 
163 -0.753507 
164 -0.851204 
165 -0.339799 
166 -0.753811 
167 -0.426692 
168 -0.838971 
169 -0.734948 
170 -0.745596 
171 -0.561936 
172 -1.050120 
173 -0.919262 
174 -1.083734 
175 -0.702127 
176 -0.432723 
177 -0.468845 
178 -0.918261 
179 -0.209872 
180 -0.633139 
181 -0.284558 
182 -0.434101 
183 -0.772931 
184 -0.351554 
185 -0.461337 
186 -0.791777 
187 -0.189552 
188 -0.619561 
189 -1.002232 
190 -0.469368 
191 -0.774161 
192 -0.208625 
193 -0.616351 
194 -0.685384 
195 -0.429813 
196 -0.494387 
197 -0.328332 
198 -0.776156 
199 -0.389381 
