0 -0.652985 
1 -0.735397 
2 -0.586101 
3 -0.426738 
4 -0.535907 
5 -0.684182 
6 -0.204672 
7 -0.608269 
8 -0.519286 
9 -0.624854 
10 -0.658065 
11 -0.743799 
12 -1.145068 
13 -0.803005 
14 -0.324607 
15 -0.767755 
16 -0.731624 
17 -0.493672 
18 -0.777062 
19 -0.884205 
20 -0.871106 
21 -0.382974 
22 -0.103457 
23 -0.521798 
24 -0.492686 
25 -0.819619 
26 -0.821081 
27 -0.701766 
28 -0.544122 
29 -0.638558 
30 -0.814565 
31 -0.815281 
32 -0.435881 
33 -0.100254 
34 -0.667404 
35 -0.846432 
36 -0.900278 
37 -0.791418 
38 -0.328676 
39 -0.543722 
40 -0.753193 
41 -0.395396 
42 -0.859634 
43 -0.693177 
44 -0.516567 
45 -0.320142 
46 -0.575256 
47 -0.880973 
48 -0.987691 
49 -0.823950 
50 -0.522173 
51 -0.646264 
52 -0.064377 
53 -0.528210 
54 -0.991033 
55 -0.616705 
56 -1.083912 
57 -0.611241 
58 -0.795177 
59 -0.861355 
60 -0.761687 
61 -0.746782 
62 -0.529495 
63 -0.852900 
64 -1.153036 
65 -0.825410 
66 -0.586920 
67 -0.561851 
68 -0.837515 
69 -0.388880 
70 -0.460808 
71 -0.479378 
72 -0.919488 
73 -0.431584 
74 -0.753971 
75 -0.951819 
76 -0.859336 
77 -0.293504 
78 -0.855803 
79 -0.608400 
80 -0.344717 
81 -0.557093 
82 -0.882669 
83 -0.955280 
84 -0.779895 
85 -0.578927 
86 -0.307463 
87 -1.189734 
88 -1.201705 
89 -0.301458 
90 -0.578104 
91 -0.411811 
92 -0.314264 
93 -0.501228 
94 -1.171270 
95 -0.688781 
96 -0.636407 
97 -0.379364 
98 -0.222784 
99 -1.246143 
100 -0.607842 
101 -0.192556 
102 -0.563504 
103 -0.832241 
104 -0.779004 
105 -0.226453 
106 -0.488632 
107 -0.489720 
108 -0.457873 
109 -0.489399 
110 -0.899372 
111 -0.975187 
112 -0.940030 
113 -0.124374 
114 -0.883988 
115 -0.626645 
116 -0.362609 
117 -0.907720 
118 -1.027386 
119 -0.493115 
120 -0.290640 
121 -0.518094 
122 -0.837688 
123 -0.378769 
124 -1.082799 
125 -0.735629 
126 -0.885298 
127 -0.362578 
128 -0.635573 
129 -0.762233 
130 -0.466183 
131 -0.671525 
132 -0.483177 
133 -1.136014 
134 -0.321415 
135 -1.207768 
136 -0.345015 
137 -0.549451 
138 -1.117323 
139 -0.725825 
140 -1.018103 
141 -0.227650 
142 -0.636108 
143 -0.393289 
144 -0.304174 
145 -0.962968 
146 -0.615841 
147 -0.208192 
148 -1.357183 
149 -0.681898 
150 -1.085456 
151 -0.603571 
152 -0.586356 
153 -1.092276 
154 -0.224982 
155 -0.348923 
156 -0.813307 
157 -0.977036 
158 -0.649529 
159 -0.410871 
160 -0.674442 
161 -0.236078 
162 -0.495966 
163 -0.433148 
164 -0.821480 
165 -0.230989 
166 -0.584334 
167 -1.083549 
168 -0.825292 
169 -0.831428 
170 -0.430715 
171 -0.661954 
172 -0.732700 
173 -0.536515 
174 -0.080492 
175 -0.147909 
176 -0.422283 
177 -1.093900 
178 -0.504476 
179 -0.551178 
180 -0.236106 
181 -1.117572 
182 -1.105818 
183 -0.959204 
184 -0.555806 
185 -0.586934 
186 -0.908699 
187 -0.826642 
188 -0.621034 
189 -0.218041 
190 -0.798152 
191 -0.330059 
192 -0.594999 
193 -0.494557 
194 -0.392946 
195 -1.097543 
196 -0.145159 
197 -0.780045 
198 -0.423947 
199 -1.102870 
