0 -1.159666 
1 -1.075604 
2 -0.633776 
3 -0.741140 
4 -0.257746 
5 -0.874966 
6 -0.504542 
7 -0.480206 
8 -0.983638 
9 -1.150625 
10 -0.510755 
11 -0.218622 
12 -0.614240 
13 -0.638242 
14 -0.741824 
15 -0.531149 
16 -0.113752 
17 -0.403852 
18 -0.677004 
19 -0.825328 
20 -0.535625 
21 -0.644437 
22 -0.543948 
23 -0.407351 
24 -1.254831 
25 -0.309265 
26 -0.408166 
27 -0.584510 
28 -0.591772 
29 -0.486225 
30 -0.394915 
31 -0.947133 
32 -0.273118 
33 -1.178950 
34 -0.232212 
35 -0.613862 
36 -0.880710 
37 -0.682494 
38 -0.504462 
39 -0.735458 
40 -0.592125 
41 -0.841943 
42 -0.579730 
43 -0.323767 
44 -0.852676 
45 -0.327267 
46 -0.317558 
47 -0.694247 
48 -1.053744 
49 -0.622184 
50 -0.407658 
51 -0.607380 
52 -0.391945 
53 -0.930452 
54 -0.305066 
55 -1.121964 
56 -0.370071 
57 -0.778174 
58 -0.757419 
59 -0.301889 
60 -0.619445 
61 -0.719396 
62 -0.855861 
63 -1.001471 
64 -0.707995 
65 -0.807453 
66 -0.201625 
67 -0.492235 
68 -0.540271 
69 -0.911054 
70 -1.204213 
71 -0.520207 
72 -0.535190 
73 -0.761305 
74 -0.433824 
75 -1.460970 
76 -0.799447 
77 -1.471848 
78 -0.515578 
79 -0.015013 
80 -0.335843 
81 -1.251903 
82 -0.614452 
83 -0.916875 
84 0.046581 
85 -0.407316 
86 -0.803752 
87 -0.333897 
88 -0.854392 
89 -0.594103 
90 -0.998958 
91 -0.492036 
92 -0.522291 
93 -0.883300 
94 -0.415357 
95 -0.540699 
96 -0.478336 
97 -0.905321 
98 -1.405505 
99 -0.474275 
100 -0.551028 
101 -0.675953 
102 -0.962563 
103 -0.784155 
104 -0.334746 
105 -0.721173 
106 -0.873257 
107 -0.796855 
108 -0.431941 
109 -0.068910 
110 -1.069715 
111 -0.945543 
112 -0.293376 
113 -0.970170 
114 -0.964536 
115 -0.419877 
116 -0.448254 
117 -1.062271 
118 -1.106231 
119 -0.690957 
120 -0.644974 
121 -0.476006 
122 -0.184470 
123 -1.094060 
124 -0.707480 
125 -0.241993 
126 -0.837370 
127 -0.542111 
128 -0.673142 
129 -0.827280 
130 -0.577161 
131 -0.617398 
132 -0.730925 
133 -1.132337 
134 -0.782239 
135 -0.302758 
136 -0.691683 
137 -1.050712 
138 -0.908947 
139 -0.953176 
140 -0.895371 
141 -0.286555 
142 -1.066647 
143 -0.519055 
144 -0.481417 
145 -0.622578 
146 -0.465872 
147 -0.484524 
148 -1.049737 
149 -0.517931 
150 -0.590358 
151 -0.776885 
152 -0.703716 
153 -1.014043 
154 -0.614659 
155 -1.088065 
156 -0.665873 
157 -0.653103 
158 -0.334695 
159 -0.747269 
160 -0.697570 
161 -0.987326 
162 -0.578689 
163 -0.451553 
164 -0.271327 
165 -0.705689 
166 -1.127984 
167 -0.117493 
168 -0.270149 
169 -0.514679 
170 -0.524130 
171 -0.633408 
172 -0.670654 
173 -0.103304 
174 -0.650294 
175 -0.407197 
176 -0.630504 
177 -0.322016 
178 -0.424267 
179 -0.799994 
180 -0.746104 
181 -0.468901 
182 -0.954348 
183 -0.671857 
184 -0.789394 
185 -0.741031 
186 -0.555962 
187 0.006363 
188 -1.018008 
189 -0.143095 
190 -0.649091 
191 -0.688943 
192 -0.423554 
193 -0.705059 
194 -1.077465 
195 -0.497840 
196 -1.017334 
197 -0.258708 
198 -0.704314 
199 -1.019709 
