0 -0.300638 
1 -1.027552 
2 -1.404691 
3 -1.248063 
4 -1.002263 
5 -0.661249 
6 -0.327963 
7 -1.193762 
8 -0.916095 
9 -0.421792 
10 -0.965709 
11 -0.655286 
12 -0.909960 
13 -1.255070 
14 -0.640874 
15 -0.393871 
16 -0.595179 
17 -0.763113 
18 -0.588930 
19 -0.224791 
20 -0.319747 
21 -0.075195 
22 -0.461905 
23 -0.656343 
24 -0.546900 
25 -0.984894 
26 -0.518717 
27 -0.718629 
28 -0.260889 
29 -0.482327 
30 -0.439930 
31 -0.451275 
32 -1.014319 
33 -0.139741 
34 -0.867398 
35 -1.033554 
36 -1.167084 
37 -1.103798 
38 -0.925197 
39 -0.898439 
40 -0.764293 
41 -0.235838 
42 -0.930437 
43 -1.175723 
44 -0.797267 
45 -0.776819 
46 -0.195729 
47 -0.434317 
48 -0.384239 
49 -1.125593 
50 -0.740919 
51 -0.862521 
52 -0.404331 
53 -0.440777 
54 -0.393938 
55 -0.826111 
56 -0.393155 
57 -0.729931 
58 -0.777308 
59 -0.679115 
60 -0.620576 
61 -0.565897 
62 -0.950704 
63 -0.560330 
64 -0.586570 
65 -1.091703 
66 -1.114735 
67 -1.371216 
68 -0.713323 
69 -0.402481 
70 -1.024740 
71 -1.508627 
72 -0.862836 
73 -0.747663 
74 -0.685547 
75 -1.135788 
76 -0.623471 
77 -0.758461 
78 -0.657839 
79 -0.590597 
80 -0.729316 
81 -1.201657 
82 -0.525421 
83 -0.792228 
84 -0.772780 
85 -0.891174 
86 -1.184876 
87 -0.924933 
88 -1.085524 
89 -0.804922 
90 -0.646210 
91 -0.430168 
92 -0.708663 
93 -1.068205 
94 -0.879601 
95 -0.754409 
96 -0.265575 
97 -0.841202 
98 -1.132296 
99 -0.314526 
100 -0.845495 
101 -0.883649 
102 -0.671402 
103 -0.731940 
104 -0.649015 
105 -0.730877 
106 -0.513313 
107 -0.669687 
108 -0.546191 
109 -0.712077 
110 -0.826614 
111 -0.864440 
112 -0.661848 
113 -0.572310 
114 -0.824709 
115 -0.019135 
116 -0.645055 
117 -0.492968 
118 -0.541298 
119 -0.553838 
120 -0.686646 
121 -0.343739 
122 -0.921988 
123 -0.580130 
124 -1.413537 
125 -0.595203 
126 -1.015909 
127 -0.286411 
128 -0.679418 
129 -0.308334 
130 -1.018194 
131 -0.760377 
132 -0.497468 
133 -0.564894 
134 -0.576437 
135 -0.745933 
136 -0.854759 
137 -1.337085 
138 -0.848482 
139 -0.344160 
140 -0.454581 
141 -0.546653 
142 -0.437191 
143 -1.191974 
144 -0.901215 
145 -0.909380 
146 -0.316956 
147 -0.727817 
148 -1.093273 
149 -0.843587 
150 -0.510079 
151 -0.146162 
152 -1.446659 
153 -0.884549 
154 -0.798173 
155 -0.502150 
156 -0.567539 
157 -0.919457 
158 -0.368384 
159 -0.684782 
160 -0.519680 
161 -0.213626 
162 -1.076714 
163 -1.032595 
164 -0.298068 
165 -1.192045 
166 -0.566528 
167 -0.398616 
168 -1.057003 
169 -0.786917 
170 -0.954247 
171 -1.257395 
172 -0.487402 
173 -0.412650 
174 -0.357719 
175 -1.142171 
176 -0.820571 
177 -0.545742 
178 -0.991956 
179 -0.198733 
180 -0.412224 
181 -1.140442 
182 -0.838741 
183 -0.508665 
184 -0.643981 
185 -0.558244 
186 -0.433348 
187 -0.673940 
188 -0.809809 
189 -0.148851 
190 -1.228544 
191 -0.712547 
192 -1.125532 
193 -0.318545 
194 -0.927499 
195 -1.041128 
196 -1.028254 
197 -1.237534 
198 -0.658708 
199 -0.450381 
