0 -0.139677 
1 -0.537763 
2 -0.507022 
3 -1.203382 
4 -0.504014 
5 -0.959414 
6 -0.801289 
7 -0.656272 
8 -0.927603 
9 -0.762704 
10 -0.197100 
11 -0.421421 
12 -0.520686 
13 -0.932641 
14 -0.482105 
15 -1.201326 
16 -0.235920 
17 -1.123834 
18 -0.961625 
19 -0.947293 
20 -1.017140 
21 -0.214350 
22 -0.668613 
23 -0.925282 
24 -0.325921 
25 -1.086514 
26 -0.536886 
27 -0.434759 
28 -0.334366 
29 -0.478073 
30 -0.486876 
31 -1.184589 
32 -0.946696 
33 -0.921095 
34 -0.868542 
35 -0.583175 
36 -0.368684 
37 -0.317053 
38 -0.594124 
39 -0.610851 
40 -0.501705 
41 -0.944585 
42 -0.427346 
43 -0.307976 
44 -0.205661 
45 -0.673246 
46 -1.109741 
47 -0.354050 
48 -0.581874 
49 -0.646431 
50 -0.280974 
51 -0.209797 
52 -0.489594 
53 -0.730685 
54 -1.029114 
55 -0.734040 
56 -0.497114 
57 -1.009738 
58 -0.369100 
59 -0.409652 
60 -0.338906 
61 -0.969207 
62 -0.821424 
63 -0.699705 
64 -0.192040 
65 -1.011689 
66 -0.260583 
67 -0.722774 
68 -0.895358 
69 -0.756227 
70 -0.241561 
71 -0.854097 
72 -0.393545 
73 -0.643448 
74 -1.172828 
75 -1.163890 
76 -0.684426 
77 -0.921793 
78 -0.485681 
79 -0.376222 
80 -0.705521 
81 -1.154633 
82 -0.712042 
83 -0.974887 
84 -0.587470 
85 -0.244554 
86 -0.903651 
87 -0.456643 
88 -0.314881 
89 -0.326751 
90 -0.559788 
91 -0.654871 
92 -0.795788 
93 -0.814673 
94 0.068885 
95 -1.118210 
96 -0.670530 
97 -0.401934 
98 -0.048571 
99 -0.506909 
100 -0.979452 
101 -0.872790 
102 -0.917286 
103 -0.598696 
104 -0.369593 
105 -0.024603 
106 -0.796872 
107 -0.319662 
108 -0.723370 
109 -0.873299 
110 -0.845448 
111 -0.583185 
112 -0.574089 
113 -0.177393 
114 -0.593598 
115 -0.624996 
116 -0.431420 
117 -0.449972 
118 -0.797151 
119 -0.500975 
120 -0.431231 
121 -0.514422 
122 -0.434393 
123 -0.804999 
124 -0.480316 
125 -0.842105 
126 -1.016079 
127 -0.794644 
128 -0.554132 
129 -0.522465 
130 -0.419109 
131 -0.772667 
132 -0.324718 
133 -0.440375 
134 -0.287210 
135 -0.904094 
136 -0.222522 
137 -0.591813 
138 -0.280235 
139 -0.606283 
140 -0.916226 
141 -1.103841 
142 -0.268328 
143 -0.463729 
144 -0.394502 
145 -0.609594 
146 -0.637054 
147 -0.837912 
148 -0.515071 
149 -0.367798 
150 -0.846314 
151 -0.609696 
152 -0.821025 
153 -0.341081 
154 -0.531371 
155 -0.724150 
156 -0.607164 
157 -0.611919 
158 -0.761829 
159 -0.890190 
160 -0.496285 
161 -0.268711 
162 -0.868618 
163 -1.250019 
164 -0.910409 
165 -0.754740 
166 -0.597994 
167 -0.962322 
168 -1.247351 
169 -0.580288 
170 -0.733850 
171 -0.568348 
172 -0.265273 
173 -0.898365 
174 -0.231647 
175 -0.455084 
176 -0.429277 
177 -0.012403 
178 -0.552308 
179 -0.639964 
180 -0.295125 
181 -0.789511 
182 -1.047042 
183 -0.422574 
184 -0.127236 
185 -0.735839 
186 -0.387657 
187 -0.553503 
188 -0.430019 
189 -0.595771 
190 -0.396998 
191 -0.595520 
192 -0.637403 
193 -0.663127 
194 -0.405318 
195 -0.566815 
196 -0.768716 
197 -0.158598 
198 -0.148231 
199 -0.642362 
