0 -0.298583 
1 -0.127007 
2 0.040309 
3 0.050732 
4 -0.063844 
5 0.079910 
6 -0.075107 
7 -0.154992 
8 0.207609 
9 -0.302108 
10 -0.052135 
11 0.173377 
12 0.018039 
13 0.057968 
14 -0.030583 
15 0.220484 
16 0.177353 
17 0.214879 
18 0.375330 
19 0.371212 
20 -0.000323 
21 -0.070119 
22 0.050697 
23 0.266181 
24 0.209991 
25 -0.012231 
26 -0.044620 
27 0.030784 
28 0.158013 
29 -0.074123 
30 0.153685 
31 -0.185526 
32 -0.117596 
33 0.274060 
34 -0.053134 
35 0.379140 
36 -0.237761 
37 -0.304597 
38 -0.073206 
39 -0.070895 
40 -0.262544 
41 -0.513782 
42 -0.022234 
43 -0.282359 
44 -0.043127 
45 -0.036887 
46 0.328807 
47 -0.072358 
48 -0.167404 
49 0.400554 
50 0.108225 
51 0.261112 
52 0.331937 
53 0.004458 
54 0.026372 
55 0.048192 
56 -0.187040 
57 0.116170 
58 0.344081 
59 -0.117936 
60 0.056896 
61 0.218098 
62 0.058812 
63 0.244082 
64 0.291962 
65 0.163400 
66 0.104401 
67 -0.325423 
68 -0.130106 
69 0.353221 
70 0.109135 
71 -0.225709 
72 0.128610 
73 -0.003021 
74 -0.083460 
75 -0.344475 
76 -0.079342 
77 -0.265459 
78 -0.304084 
79 -0.023833 
80 0.145214 
81 -0.172027 
82 -0.145867 
83 -0.091210 
84 0.018131 
85 -0.034970 
86 0.058175 
87 0.059396 
88 -0.024401 
89 0.290528 
90 -0.076364 
91 -0.037938 
92 -0.369859 
93 0.084244 
94 0.081434 
95 -0.008662 
96 -0.100069 
97 0.414868 
98 0.470394 
99 0.226057 
100 -0.124576 
101 -0.024634 
102 0.080925 
103 0.056281 
104 -0.056191 
105 -0.304273 
106 -0.113394 
107 -0.302670 
108 0.067663 
109 -0.013978 
110 0.279322 
111 -0.065185 
112 0.106039 
113 0.193277 
114 0.105122 
115 -0.090352 
116 -0.098274 
117 -0.080812 
118 0.338664 
119 0.266703 
120 0.068024 
121 -0.018684 
122 -0.033112 
123 -0.063282 
124 0.021669 
125 -0.057841 
126 0.453312 
127 -0.029105 
128 -0.066742 
129 0.024933 
130 -0.277388 
131 -0.155480 
132 0.060829 
133 0.169609 
134 -0.063021 
135 -0.116731 
136 0.154602 
137 -0.017884 
138 0.195431 
139 -0.203256 
140 -0.026037 
141 0.162032 
142 -0.069952 
143 0.005275 
144 -0.040046 
145 -0.134686 
146 0.110540 
147 0.264588 
148 -0.114792 
149 0.254183 
150 0.255830 
151 -0.246581 
152 -0.199611 
153 -0.324660 
154 0.226495 
155 0.019410 
156 -0.240517 
157 0.031000 
158 -0.182231 
159 -0.095483 
160 0.063853 
161 -0.173104 
162 0.163631 
163 0.060956 
164 -0.038518 
165 -0.083329 
166 -0.270386 
167 -0.386968 
168 0.293616 
169 0.158230 
170 0.233754 
171 -0.193498 
172 0.150013 
173 -0.060814 
174 -0.022350 
175 -0.135139 
176 0.013792 
177 0.034400 
178 -0.257106 
179 -0.121416 
180 -0.262141 
181 -0.065187 
182 -0.093045 
183 -0.341823 
184 -0.042512 
185 0.017104 
186 0.000080 
187 -0.211733 
188 -0.005769 
189 0.236002 
190 -0.134612 
191 0.048030 
192 -0.035584 
193 -0.393733 
194 -0.055670 
195 -0.530683 
196 0.009092 
197 -0.066234 
198 0.135791 
199 0.234566 
