0 -0.957955 
1 -0.379432 
2 -0.786421 
3 -0.567380 
4 -0.395821 
5 -0.965368 
6 -0.495165 
7 -0.687859 
8 -0.705595 
9 -0.617641 
10 -0.405611 
11 -0.634094 
12 -0.784993 
13 -0.981156 
14 -1.035471 
15 -0.219490 
16 -0.519213 
17 -0.535770 
18 -0.517497 
19 -0.913394 
20 -0.651439 
21 -0.070982 
22 -0.765035 
23 -0.732860 
24 -0.742268 
25 -0.621676 
26 -0.073576 
27 -0.758009 
28 -0.077129 
29 -0.678583 
30 -0.687848 
31 -0.451602 
32 -0.901555 
33 -1.271000 
34 -0.692569 
35 -0.463921 
36 -0.887150 
37 -0.933627 
38 -0.656268 
39 -0.917710 
40 -1.165389 
41 -1.286639 
42 -0.289311 
43 -0.108476 
44 -0.482716 
45 -0.667069 
46 -1.470248 
47 -1.202208 
48 -0.387779 
49 -0.613378 
50 -0.981934 
51 -1.044331 
52 -0.419904 
53 -0.807909 
54 -0.613061 
55 -0.454792 
56 -0.610195 
57 -0.591498 
58 -0.956481 
59 -0.471268 
60 -0.698048 
61 -0.276217 
62 -1.124278 
63 -0.404611 
64 -0.847134 
65 -0.455160 
66 -0.843819 
67 -0.292412 
68 -0.368497 
69 -0.978870 
70 -0.649763 
71 -0.850486 
72 -0.915783 
73 -0.525378 
74 -0.568709 
75 -0.680909 
76 -0.440577 
77 -0.476572 
78 -0.826213 
79 -0.712876 
80 -0.838089 
81 -0.758518 
82 -0.380091 
83 -0.874536 
84 -0.461448 
85 -0.582933 
86 -0.450562 
87 -0.327256 
88 -0.631543 
89 -0.445006 
90 -1.003183 
91 -0.818407 
92 -0.583475 
93 -0.823714 
94 -1.090456 
95 -0.596080 
96 -0.535733 
97 -0.539160 
98 -0.441363 
99 -0.598637 
100 -0.906598 
101 -0.544698 
102 -0.733666 
103 -0.950217 
104 -0.530014 
105 -0.900730 
106 -0.879049 
107 -0.723647 
108 -0.563739 
109 -0.833402 
110 -0.730993 
111 -0.693368 
112 -1.219646 
113 -1.030150 
114 -1.385136 
115 -0.809307 
116 -0.302440 
117 -1.201912 
118 -1.090437 
119 -0.459643 
120 -1.184443 
121 -0.770645 
122 -1.053642 
123 -0.534347 
124 -0.997017 
125 -0.426534 
126 -0.751173 
127 -0.701439 
128 -0.689033 
129 -0.461335 
130 -0.572939 
131 -0.431240 
132 -0.823689 
133 -0.762893 
134 -0.349102 
135 -0.228870 
136 -0.415692 
137 -0.619464 
138 -0.891615 
139 -0.619928 
140 -0.697005 
141 -0.553845 
142 -1.024764 
143 -0.851998 
144 -0.276948 
145 -0.830559 
146 -0.425781 
147 -0.677405 
148 -1.389169 
149 -0.462788 
150 -0.852706 
151 -0.309928 
152 -1.094365 
153 -0.771477 
154 -0.770817 
155 -0.654861 
156 -0.494514 
157 -0.320138 
158 -0.729298 
159 -1.111954 
160 -0.344599 
161 -0.923125 
162 -0.927655 
163 -0.681523 
164 -0.645754 
165 -0.594311 
166 -0.516791 
167 -1.313160 
168 -0.631014 
169 -0.972797 
170 -0.611726 
171 -1.039079 
172 -0.786173 
173 -1.115233 
174 -1.024568 
175 -0.605415 
176 -1.152938 
177 -0.572305 
178 -0.473037 
179 -0.655381 
180 -0.463476 
181 -1.177247 
182 -0.254885 
183 -0.434872 
184 -0.248023 
185 -0.837081 
186 -0.706320 
187 -0.876788 
188 -1.256240 
189 -0.257758 
190 -0.955776 
191 -0.490204 
192 -0.796656 
193 -0.679303 
194 -0.221188 
195 -0.218465 
196 -1.107350 
197 -0.931406 
198 -0.372381 
199 -0.663043 
