0 -0.046232 
1 -0.330380 
2 -0.153365 
3 -0.323207 
4 -0.254677 
5 -0.667592 
6 0.236088 
7 -0.425713 
8 -0.444183 
9 -0.277402 
10 0.117911 
11 -0.333060 
12 -0.195505 
13 -0.236814 
14 -0.331191 
15 -0.448018 
16 -0.204978 
17 -0.525022 
18 -0.152655 
19 -0.552734 
20 -0.112894 
21 -0.276462 
22 -0.372068 
23 -0.002898 
24 -0.051208 
25 -0.124720 
26 -0.461343 
27 -0.205929 
28 -0.343146 
29 -0.126169 
30 -0.239704 
31 -0.203844 
32 -0.043271 
33 -0.007441 
34 -0.484979 
35 -0.066697 
36 -0.413879 
37 -0.423918 
38 -0.488350 
39 -0.044602 
40 -0.226218 
41 -0.275682 
42 -0.367641 
43 -0.441321 
44 -0.343226 
45 -0.297193 
46 -0.363367 
47 -0.623159 
48 -0.508768 
49 -0.423039 
50 -0.643630 
51 -0.181341 
52 -0.083138 
53 -0.480570 
54 -0.162643 
55 -0.373305 
56 -0.217289 
57 0.073192 
58 -0.316281 
59 -0.454362 
60 -0.418934 
61 -0.250062 
62 -0.357614 
63 -0.281368 
64 -0.268274 
65 -0.228126 
66 -0.236236 
67 -0.414929 
68 -0.168318 
69 -0.343232 
70 -0.017815 
71 -0.126303 
72 0.032342 
73 -0.084483 
74 -0.054510 
75 -0.295722 
76 -0.875233 
77 -0.573935 
78 -0.036299 
79 -0.240947 
80 -0.219394 
81 -0.371376 
82 -0.195447 
83 -0.138422 
84 -0.052288 
85 -0.115446 
86 -0.013135 
87 -0.321815 
88 -0.192482 
89 -0.404246 
90 -0.115942 
91 -0.634543 
92 -0.172899 
93 -0.234345 
94 0.131797 
95 -0.200350 
96 -0.124700 
97 -0.432421 
98 -0.700441 
99 -0.022367 
100 -0.295239 
101 -0.473619 
102 -0.063183 
103 -0.387088 
104 -0.176712 
105 -0.216817 
106 -0.356643 
107 -0.259870 
108 -0.310778 
109 -0.343910 
110 -0.282989 
111 -0.556545 
112 -0.144582 
113 0.002264 
114 -0.166823 
115 -0.582027 
116 -0.415329 
117 0.052073 
118 -0.389489 
119 -0.142079 
120 -0.271328 
121 -0.590022 
122 -0.174947 
123 0.215577 
124 -0.081623 
125 -0.132231 
126 -0.126395 
127 -0.366066 
128 0.033717 
129 -0.357223 
130 -0.397945 
131 -0.649914 
132 -0.185887 
133 -0.012023 
134 -0.055237 
135 -0.199248 
136 -0.310678 
137 -0.178205 
138 -0.422263 
139 -0.185709 
140 -0.220931 
141 -0.168745 
142 0.377031 
143 -0.199307 
144 -0.364485 
145 -0.406270 
146 -0.105106 
147 -0.108138 
148 -0.270849 
149 -0.250702 
150 -0.303975 
151 -0.226326 
152 -0.066265 
153 -0.094571 
154 -0.324949 
155 -0.109716 
156 0.026469 
157 -0.277956 
158 0.254233 
159 -0.204712 
160 -0.265032 
161 -0.288189 
162 -0.235239 
163 -0.199119 
164 -0.104462 
165 -0.146666 
166 -0.383935 
167 -0.056446 
168 0.136148 
169 -0.636926 
170 -0.582934 
171 -0.303940 
172 -0.059195 
173 -0.728323 
174 -0.288576 
175 -0.488385 
176 -0.359047 
177 -0.256926 
178 -0.028647 
179 -0.486757 
180 -0.019105 
181 -0.209179 
182 -0.167450 
183 -0.170719 
184 -0.284476 
185 -0.252721 
186 -0.177063 
187 -0.498360 
188 -0.195192 
189 -0.247298 
190 -0.603308 
191 0.099413 
192 -0.322301 
193 -0.211511 
194 -0.366499 
195 -0.379658 
196 -0.112595 
197 0.002828 
198 0.094412 
199 -0.582977 
