0 0.115086 
1 -0.069582 
2 -0.207612 
3 0.230636 
4 0.104155 
5 0.185407 
6 -0.162848 
7 -0.077539 
8 0.051019 
9 -0.141600 
10 0.090575 
11 -0.063019 
12 -0.187691 
13 0.147458 
14 -0.224604 
15 0.265456 
16 -0.018825 
17 -0.058722 
18 0.025833 
19 0.012009 
20 0.068439 
21 0.043159 
22 0.239194 
23 0.095137 
24 -0.089546 
25 0.189689 
26 0.185254 
27 0.226945 
28 0.201092 
29 -0.124038 
30 0.097493 
31 0.032319 
32 -0.045089 
33 -0.036590 
34 -0.153214 
35 -0.070318 
36 -0.185594 
37 0.415055 
38 0.020081 
39 -0.249377 
40 0.028366 
41 0.000425 
42 0.185018 
43 -0.199433 
44 -0.107318 
45 0.188729 
46 -0.304190 
47 -0.009029 
48 0.044293 
49 0.201682 
50 0.047089 
51 0.045176 
52 0.216449 
53 0.124743 
54 0.133580 
55 -0.107840 
56 -0.139586 
57 -0.075188 
58 0.330739 
59 -0.106172 
60 -0.104267 
61 -0.188180 
62 0.202642 
63 0.230218 
64 0.093930 
65 0.113754 
66 -0.075333 
67 -0.133682 
68 0.064677 
69 -0.023537 
70 -0.120380 
71 0.323452 
72 -0.194166 
73 -0.122749 
74 0.149552 
75 0.324909 
76 -0.214567 
77 0.137110 
78 0.196438 
79 -0.050562 
80 0.228999 
81 -0.044805 
82 -0.398669 
83 -0.086886 
84 -0.004364 
85 -0.108094 
86 0.096498 
87 -0.038122 
88 -0.326547 
89 -0.225204 
90 0.001714 
91 0.054032 
92 0.044208 
93 0.039491 
94 0.047075 
95 -0.061793 
96 0.298647 
97 -0.087517 
98 0.053329 
99 0.321391 
100 -0.014403 
101 -0.349927 
102 0.201036 
103 -0.222903 
104 0.236017 
105 0.075787 
106 0.089950 
107 0.028301 
108 0.434472 
109 0.197328 
110 0.290964 
111 -0.026045 
112 0.123284 
113 -0.059841 
114 0.073091 
115 0.195633 
116 0.168863 
117 -0.221666 
118 -0.062996 
119 0.069555 
120 -0.072732 
121 0.085835 
122 -0.252417 
123 -0.124534 
124 -0.502982 
125 -0.076114 
126 0.230458 
127 -0.190732 
128 -0.055143 
129 0.060447 
130 -0.000072 
131 0.101060 
132 0.152726 
133 0.076838 
134 0.171733 
135 0.016953 
136 0.204918 
137 0.098486 
138 0.070237 
139 -0.288792 
140 0.142534 
141 -0.127469 
142 -0.351935 
143 0.043468 
144 0.011699 
145 -0.014662 
146 -0.007599 
147 -0.151664 
148 0.188478 
149 -0.362164 
150 -0.024069 
151 0.040833 
152 -0.420091 
153 -0.081755 
154 0.105281 
155 -0.347638 
156 -0.096422 
157 0.187341 
158 -0.425409 
159 -0.412812 
160 -0.225990 
161 -0.070151 
162 -0.172059 
163 0.034664 
164 -0.284090 
165 -0.262260 
166 -0.012022 
167 0.125941 
168 0.353930 
169 0.167693 
170 -0.068598 
171 0.065210 
172 0.062285 
173 -0.115122 
174 -0.165949 
175 0.422297 
176 -0.265999 
177 -0.089962 
178 -0.055126 
179 0.048980 
180 0.056550 
181 -0.409408 
182 -0.116920 
183 0.105405 
184 0.023473 
185 0.000944 
186 0.202330 
187 0.085334 
188 0.360800 
189 -0.398562 
190 -0.094035 
191 -0.019486 
192 0.131997 
193 -0.306385 
194 0.052276 
195 -0.073189 
196 -0.205112 
197 0.181662 
198 -0.127176 
199 0.034425 
