0 0.043479 
1 -0.169239 
2 0.034142 
3 0.004546 
4 -0.206403 
5 -0.026479 
6 -0.252600 
7 -0.540729 
8 -0.025046 
9 -0.153226 
10 0.039803 
11 -0.133641 
12 0.237316 
13 0.042405 
14 -0.131490 
15 0.043252 
16 -0.098557 
17 0.192646 
18 -0.314056 
19 0.121347 
20 -0.035496 
21 0.068712 
22 -0.145210 
23 -0.333741 
24 0.110112 
25 0.166754 
26 0.321159 
27 -0.160594 
28 0.051829 
29 0.038181 
30 0.300571 
31 0.197384 
32 -0.097505 
33 0.034462 
34 0.150907 
35 0.028647 
36 -0.099974 
37 0.072966 
38 -0.262022 
39 0.206235 
40 -0.263965 
41 0.033111 
42 0.070425 
43 0.073300 
44 -0.164394 
45 -0.001922 
46 0.359537 
47 0.248557 
48 0.165723 
49 -0.020614 
50 -0.274745 
51 -0.122670 
52 -0.335187 
53 0.215882 
54 0.045547 
55 -0.018163 
56 -0.505189 
57 0.402540 
58 0.000151 
59 0.042114 
60 0.219507 
61 0.477717 
62 0.088037 
63 0.159603 
64 -0.006159 
65 -0.190495 
66 0.259350 
67 -0.282927 
68 0.039099 
69 0.256302 
70 -0.012369 
71 -0.270780 
72 0.069803 
73 -0.394710 
74 0.169470 
75 0.028158 
76 0.064939 
77 -0.336069 
78 -0.051283 
79 -0.146339 
80 0.476771 
81 -0.180228 
82 0.010093 
83 -0.097775 
84 -0.208553 
85 0.179729 
86 0.008828 
87 -0.147410 
88 0.128763 
89 0.235948 
90 -0.266303 
91 0.247824 
92 0.027569 
93 -0.155860 
94 -0.140675 
95 -0.161666 
96 0.010209 
97 -0.093006 
98 0.264137 
99 -0.115690 
100 0.287858 
101 -0.252600 
102 -0.126951 
103 -0.103030 
104 0.060377 
105 -0.148925 
106 -0.376470 
107 0.052214 
108 -0.098156 
109 0.119531 
110 0.095679 
111 -0.111581 
112 0.162659 
113 0.346904 
114 -0.095070 
115 0.192756 
116 -0.604946 
117 -0.087684 
118 0.175681 
119 -0.025892 
120 0.279384 
121 -0.221261 
122 0.059149 
123 0.142040 
124 -0.067244 
125 0.114064 
126 0.343517 
127 0.109485 
128 0.389278 
129 -0.041599 
130 0.231602 
131 -0.050662 
132 -0.119397 
133 -0.150979 
134 -0.169283 
135 0.274911 
136 0.117431 
137 0.357263 
138 0.002606 
139 -0.014184 
140 -0.048374 
141 0.246998 
142 -0.033388 
143 0.246645 
144 0.188495 
145 0.169045 
146 -0.009904 
147 -0.049179 
148 -0.050477 
149 -0.172709 
150 -0.202857 
151 -0.095662 
152 0.162787 
153 -0.102980 
154 -0.376258 
155 0.264194 
156 0.111952 
157 0.061522 
158 0.188596 
159 -0.009324 
160 0.184005 
161 0.237633 
162 -0.038236 
163 0.332719 
164 0.193151 
165 -0.241509 
166 0.405795 
167 -0.131210 
168 -0.497034 
169 0.029532 
170 -0.156230 
171 0.292172 
172 -0.004339 
173 0.158627 
174 -0.271988 
175 0.130681 
176 0.091197 
177 -0.182105 
178 0.048625 
179 -0.181031 
180 -0.046550 
181 -0.026763 
182 0.207782 
183 0.160022 
184 0.198649 
185 -0.225288 
186 0.311093 
187 0.003080 
188 0.116389 
189 0.213771 
190 0.067830 
191 -0.003994 
192 0.026052 
193 0.182215 
194 -0.168406 
195 -0.219872 
196 -0.014795 
197 0.321428 
198 -0.193194 
199 0.018899 
