0 -0.403641 
1 -0.690197 
2 -1.085960 
3 -0.437924 
4 -0.849034 
5 -0.720149 
6 -0.725936 
7 -0.295990 
8 -0.385655 
9 -0.617024 
10 -0.324668 
11 -0.563561 
12 -0.782414 
13 -0.573744 
14 -0.723834 
15 -1.155084 
16 -0.264214 
17 -0.666645 
18 -1.246112 
19 -0.403066 
20 -0.860205 
21 -0.224752 
22 -0.472934 
23 -1.155141 
24 -1.008918 
25 -1.046171 
26 -0.412620 
27 -0.529753 
28 -0.634440 
29 -0.779179 
30 -0.481482 
31 -0.631370 
32 -0.389751 
33 -0.438446 
34 -0.749624 
35 -0.389202 
36 -0.660626 
37 -0.671538 
38 -0.971487 
39 -0.834713 
40 -0.268208 
41 -0.567567 
42 -0.360470 
43 -0.832736 
44 -0.486975 
45 -0.675251 
46 -0.154049 
47 -0.326601 
48 -0.741509 
49 -0.209504 
50 -0.350991 
51 -0.470606 
52 -0.417973 
53 -1.105068 
54 -0.780027 
55 -0.940457 
56 -1.040997 
57 -0.222263 
58 -1.038889 
59 -0.443159 
60 -0.438498 
61 -1.091714 
62 -0.994900 
63 -0.716096 
64 -0.577339 
65 -0.582249 
66 -1.192432 
67 -0.735944 
68 -0.937382 
69 -1.192220 
70 -0.604946 
71 -1.184678 
72 -0.773095 
73 -0.659733 
74 -1.129532 
75 -0.924260 
76 -0.113724 
77 -0.715762 
78 -0.701307 
79 -0.745605 
80 -0.947081 
81 -0.528979 
82 -0.587210 
83 -0.586406 
84 -0.287867 
85 -0.614625 
86 -0.599310 
87 -0.392444 
88 -0.962689 
89 -0.190104 
90 -0.361153 
91 -0.630785 
92 -0.579295 
93 -1.054208 
94 -0.366809 
95 -0.676790 
96 -0.774879 
97 -0.392438 
98 -0.804440 
99 -1.284559 
100 -0.770995 
101 -0.991718 
102 -1.172237 
103 -0.989346 
104 -0.651254 
105 -0.616399 
106 -0.858719 
107 -0.628112 
108 -0.937043 
109 -0.910365 
110 -1.112564 
111 -0.403409 
112 -1.109466 
113 -0.666443 
114 -0.727261 
115 -0.617456 
116 -1.002216 
117 -1.115542 
118 -1.116645 
119 -0.757908 
120 -0.538649 
121 -0.624292 
122 -0.455585 
123 -1.018464 
124 -0.410370 
125 -0.656585 
126 -0.834821 
127 -1.117387 
128 -0.147520 
129 -0.505683 
130 -0.184513 
131 -0.640454 
132 -0.933711 
133 -0.996202 
134 -0.908052 
135 -0.978780 
136 -0.368541 
137 -0.541138 
138 -0.744196 
139 -0.673583 
140 -0.085946 
141 -0.809211 
142 -0.302332 
143 -0.606972 
144 -0.856565 
145 -0.592841 
146 -0.555930 
147 -0.489612 
148 -0.663963 
149 -0.455617 
150 -0.909332 
151 -0.739735 
152 -0.467866 
153 -0.432832 
154 -0.695964 
155 -0.770232 
156 -1.026305 
157 -0.866791 
158 -0.461569 
159 -0.253511 
160 -0.893751 
161 -0.761916 
162 -0.513024 
163 -0.764163 
164 -1.233707 
165 -0.722866 
166 -0.568903 
167 -0.291066 
168 -0.703017 
169 -0.450989 
170 -0.240451 
171 -0.825470 
172 -0.464424 
173 -0.771800 
174 -0.494940 
175 -0.931177 
176 -0.805508 
177 -0.427665 
178 -0.419779 
179 -0.947079 
180 -0.614606 
181 -0.580095 
182 -0.378473 
183 -0.170684 
184 -0.467746 
185 -0.688796 
186 -0.725495 
187 -0.768845 
188 -0.335124 
189 -0.563494 
190 -0.662974 
191 -0.529873 
192 -1.356727 
193 -0.563235 
194 -0.466417 
195 -0.779656 
196 -0.775765 
197 -0.627815 
198 -0.890188 
199 -0.755074 
