0 -0.183452 
1 -0.218529 
2 0.080503 
3 -0.329348 
4 -0.103249 
5 -0.918206 
6 -0.570667 
7 -0.193989 
8 0.008827 
9 -0.467541 
10 -0.421971 
11 -0.692460 
12 -0.232396 
13 -0.439564 
14 -0.027517 
15 -0.226899 
16 -0.219692 
17 -0.575534 
18 -0.220035 
19 0.287924 
20 -0.505683 
21 -0.374325 
22 -0.463654 
23 -0.236761 
24 -0.369393 
25 -0.830966 
26 -0.503599 
27 -0.352395 
28 -0.233111 
29 0.109824 
30 -0.157448 
31 -0.693657 
32 -0.128075 
33 -0.331046 
34 -0.488320 
35 -0.227563 
36 -0.298282 
37 -0.097279 
38 0.180195 
39 -0.099588 
40 -0.812087 
41 -0.027023 
42 -0.135835 
43 -0.321678 
44 -0.018661 
45 -0.038353 
46 -0.311683 
47 -0.408530 
48 0.024145 
49 -0.400714 
50 -0.779809 
51 -0.043484 
52 -0.429778 
53 -0.321387 
54 -0.398689 
55 -0.630782 
56 -0.628522 
57 -0.132034 
58 -0.490936 
59 -0.526731 
60 -0.203338 
61 -0.378854 
62 -0.586222 
63 -0.610974 
64 -0.268660 
65 -0.360753 
66 -0.795168 
67 -0.278321 
68 -0.045869 
69 -0.237087 
70 -0.500702 
71 -0.508293 
72 -0.374499 
73 -0.542703 
74 -0.501369 
75 -0.571167 
76 -0.327523 
77 -0.502600 
78 -0.166403 
79 -0.075199 
80 0.116672 
81 -0.356361 
82 -0.376192 
83 -0.805203 
84 -0.711578 
85 -0.337898 
86 -0.189196 
87 -0.477477 
88 0.085649 
89 0.018368 
90 -0.028932 
91 -0.680491 
92 -0.346444 
93 -0.457928 
94 -0.379788 
95 -0.778810 
96 -0.521866 
97 -0.253268 
98 -0.322977 
99 -0.422022 
100 -0.026241 
101 -0.351558 
102 -0.074453 
103 -0.231448 
104 -0.518462 
105 0.165543 
106 -0.055823 
107 -0.428364 
108 0.044716 
109 -0.436626 
110 -0.223072 
111 -0.112825 
112 -0.433490 
113 -0.343485 
114 -0.065125 
115 -0.747893 
116 -0.427720 
117 -0.295681 
118 -0.145876 
119 -0.513199 
120 -0.831953 
121 -0.791028 
122 -0.875831 
123 0.019394 
124 -0.291330 
125 -0.372773 
126 0.016994 
127 -0.202508 
128 -0.558504 
129 -0.428420 
130 -0.153410 
131 -0.330770 
132 -0.301560 
133 -0.314425 
134 -0.094459 
135 -0.477058 
136 -0.317321 
137 -0.315187 
138 0.097216 
139 -0.757363 
140 -0.165817 
141 -0.150730 
142 -0.248036 
143 -0.341860 
144 -0.398276 
145 0.021413 
146 -0.453983 
147 -0.102886 
148 -0.535777 
149 -0.319349 
150 -0.597800 
151 -0.640936 
152 -0.389216 
153 -0.309306 
154 -0.261433 
155 -0.004147 
156 -0.034097 
157 -0.323614 
158 0.068185 
159 -0.066754 
160 -0.547420 
161 -0.130058 
162 -0.284995 
163 -1.135185 
164 -0.805488 
165 -0.459536 
166 -0.435866 
167 -0.471494 
168 -0.171111 
169 -0.533141 
170 -0.233622 
171 -0.427497 
172 -0.339971 
173 -0.626357 
174 -0.399237 
175 -0.157046 
176 -0.320044 
177 -0.770815 
178 -0.592851 
179 -0.467960 
180 -0.838015 
181 -0.131323 
182 -0.439280 
183 -0.522229 
184 -0.139359 
185 -0.646836 
186 0.093438 
187 -0.306408 
188 -0.493453 
189 -0.677976 
190 -0.511300 
191 -0.216036 
192 -0.066865 
193 -1.020592 
194 -0.525643 
195 -0.264543 
196 0.073201 
197 -0.435325 
198 -0.072536 
199 0.190267 
