0 -0.444118 
1 -0.483674 
2 -0.955698 
3 -0.452109 
4 -0.812700 
5 -1.155238 
6 -0.496276 
7 -0.332810 
8 -0.894827 
9 -0.577057 
10 -0.850305 
11 -0.921702 
12 -0.755807 
13 -1.082788 
14 -0.902478 
15 -0.948269 
16 -0.541391 
17 -1.151456 
18 -0.853157 
19 -0.926499 
20 -0.730386 
21 -0.900825 
22 -0.506275 
23 -0.877876 
24 -0.687665 
25 -0.432540 
26 -0.092629 
27 -0.576443 
28 -0.848904 
29 -0.504550 
30 -0.461303 
31 -0.544481 
32 -0.642049 
33 -0.915895 
34 -0.314628 
35 -0.959841 
36 -0.913381 
37 -1.075655 
38 -0.731628 
39 -0.490301 
40 -0.617546 
41 -0.192563 
42 -0.612497 
43 -0.234262 
44 -0.468349 
45 -0.713248 
46 -0.094285 
47 -0.981744 
48 -0.594643 
49 -0.474718 
50 -0.678473 
51 -1.083228 
52 -0.597103 
53 -0.523084 
54 -0.308880 
55 -0.458253 
56 -0.131939 
57 -0.298309 
58 -0.569632 
59 -0.406069 
60 -1.134941 
61 -0.772033 
62 -0.439608 
63 -0.501908 
64 -0.788616 
65 -0.521818 
66 -0.671700 
67 -1.126747 
68 -0.428555 
69 -1.025283 
70 -0.418919 
71 -0.876915 
72 -0.646881 
73 -0.356066 
74 -1.079062 
75 -0.620190 
76 -0.511890 
77 -0.850619 
78 -0.494637 
79 -1.201214 
80 -0.796594 
81 -0.560051 
82 -1.052208 
83 -0.838370 
84 -1.091393 
85 -0.788241 
86 -1.144042 
87 -0.895509 
88 -0.510848 
89 -1.374166 
90 -0.342860 
91 -0.964012 
92 -0.494834 
93 -0.693567 
94 -0.797830 
95 -0.765305 
96 -0.477492 
97 -1.010184 
98 -0.388523 
99 -0.807461 
100 -0.947139 
101 -0.553984 
102 -1.144303 
103 -0.674207 
104 -0.752157 
105 -1.160708 
106 -1.138831 
107 -1.061983 
108 -0.632300 
109 -0.528746 
110 -0.403647 
111 -1.059420 
112 -0.306134 
113 -0.828412 
114 -0.624988 
115 -0.587318 
116 -0.398282 
117 -0.552674 
118 -0.734085 
119 -1.058977 
120 -0.744403 
121 -0.678737 
122 -0.370173 
123 -0.254101 
124 -0.587796 
125 -0.942599 
126 -0.499795 
127 -0.782595 
128 -0.777387 
129 -0.637269 
130 -0.516765 
131 -0.631548 
132 -0.452613 
133 -1.063508 
134 -1.236078 
135 -0.327266 
136 -0.483029 
137 -0.576412 
138 -0.473768 
139 -0.979407 
140 -0.547645 
141 -1.136608 
142 -0.879436 
143 -1.326824 
144 -0.175224 
145 -0.299239 
146 -1.356071 
147 -0.831314 
148 -0.470467 
149 -0.783835 
150 -0.114945 
151 -1.112833 
152 -0.778616 
153 -0.749766 
154 -0.801529 
155 -0.460475 
156 -1.161527 
157 -0.153452 
158 -1.149079 
159 -0.062897 
160 -0.977202 
161 -0.667685 
162 -0.485855 
163 -0.891685 
164 -0.690989 
165 -1.191512 
166 -0.878855 
167 -0.720560 
168 -0.680492 
169 -0.779283 
170 -0.241259 
171 -1.078165 
172 -0.529668 
173 -0.333867 
174 -0.831882 
175 -0.592577 
176 -1.196342 
177 -0.735735 
178 -0.419177 
179 -0.486682 
180 -0.599265 
181 -0.568470 
182 -0.539964 
183 -0.554323 
184 -1.124922 
185 -0.009081 
186 -1.259998 
187 -0.584052 
188 -0.547783 
189 -0.836555 
190 -0.128133 
191 -0.461971 
192 -0.750392 
193 -0.935707 
194 -0.298211 
195 -0.513597 
196 -0.630013 
197 -0.763235 
198 -0.716577 
199 -0.504207 
