0 -0.289366 
1 -0.735008 
2 -1.112631 
3 -0.666318 
4 -0.230967 
5 -0.085726 
6 -0.619701 
7 -0.065859 
8 -0.676268 
9 -0.604690 
10 -0.163622 
11 -0.626161 
12 -0.068147 
13 -0.000570 
14 0.122614 
15 -0.284863 
16 -0.240090 
17 -0.464210 
18 -0.449417 
19 -0.303167 
20 -0.926166 
21 -0.042449 
22 -0.061584 
23 -0.200330 
24 -0.558781 
25 -0.334942 
26 -0.561043 
27 -0.662329 
28 -0.668380 
29 -0.103372 
30 -0.128264 
31 -0.832839 
32 -0.502746 
33 -0.485092 
34 -0.097134 
35 -0.196980 
36 -0.559171 
37 -0.343741 
38 -0.290289 
39 -0.112412 
40 -0.323264 
41 -0.528646 
42 -0.489475 
43 -0.542973 
44 -0.273985 
45 -0.016493 
46 0.048813 
47 -0.331149 
48 -0.405525 
49 -0.191147 
50 0.026113 
51 -0.546280 
52 -0.206172 
53 -0.688515 
54 -0.733276 
55 -0.255706 
56 -0.492589 
57 -0.312963 
58 -0.253337 
59 -0.008853 
60 -0.581613 
61 -0.441212 
62 -0.179946 
63 -0.035758 
64 -0.107060 
65 -0.796432 
66 -0.320497 
67 -0.428853 
68 -0.476738 
69 -0.586405 
70 -0.292830 
71 -0.171271 
72 -0.552626 
73 -0.350063 
74 -0.360895 
75 -0.600889 
76 -0.409615 
77 -0.367870 
78 -0.158303 
79 -0.248839 
80 -0.369721 
81 -0.446252 
82 -0.492399 
83 -0.427397 
84 -0.223858 
85 -0.626862 
86 -0.620582 
87 -0.393808 
88 -0.379741 
89 -0.653342 
90 -0.119251 
91 -0.285346 
92 -0.434585 
93 -0.240126 
94 -0.244164 
95 -0.145640 
96 -0.216399 
97 -0.364420 
98 -0.345769 
99 -0.281123 
100 -0.165995 
101 -0.565110 
102 -0.373887 
103 -0.334569 
104 -0.396539 
105 -0.397326 
106 -0.388518 
107 0.031063 
108 -0.361002 
109 -0.360614 
110 -0.137605 
111 -0.019418 
112 -0.250557 
113 -0.411831 
114 0.137406 
115 -0.306568 
116 -0.052328 
117 -0.059112 
118 -0.534576 
119 -0.337570 
120 -0.232939 
121 -0.667654 
122 -0.730358 
123 -0.265558 
124 -0.469979 
125 -0.758246 
126 -0.255825 
127 -0.452524 
128 -0.324877 
129 -0.294166 
130 -0.436052 
131 -0.442006 
132 -0.639500 
133 -0.555910 
134 -0.430027 
135 -0.175551 
136 -0.471708 
137 -0.240725 
138 -0.403226 
139 -0.692858 
140 0.023163 
141 -0.429006 
142 -0.029378 
143 -0.487024 
144 -0.629948 
145 -0.255560 
146 -0.090146 
147 -0.521639 
148 -0.366044 
149 -0.213942 
150 -1.033423 
151 -0.467195 
152 -0.226505 
153 -0.274076 
154 -0.414607 
155 -0.442969 
156 -0.208262 
157 -0.460274 
158 -0.439564 
159 -0.345339 
160 -0.350595 
161 -0.139607 
162 -0.487515 
163 -0.605552 
164 -0.676491 
165 -0.317353 
166 -0.014462 
167 -0.482103 
168 -0.486872 
169 -0.338977 
170 -1.035868 
171 -0.230644 
172 -0.951957 
173 -0.310255 
174 -0.443580 
175 -0.370229 
176 -0.744696 
177 -0.240232 
178 -0.478175 
179 -0.668700 
180 -0.300485 
181 -0.268775 
182 -0.823439 
183 -0.243950 
184 -0.224948 
185 -0.458954 
186 -0.591626 
187 -0.400822 
188 -0.578268 
189 -0.473094 
190 -0.605061 
191 -0.272936 
192 -0.364810 
193 -0.399861 
194 -0.244612 
195 -0.463852 
196 -0.755777 
197 -0.601329 
198 -0.430083 
199 0.018522 
