0 -0.171060 
1 -1.028525 
2 -0.455589 
3 -0.435661 
4 -0.267695 
5 -0.794803 
6 -0.636659 
7 -0.579588 
8 -0.500214 
9 -0.248581 
10 -0.454817 
11 -0.512246 
12 -0.633293 
13 -0.362909 
14 -0.627883 
15 -0.528203 
16 -0.591814 
17 -0.224940 
18 -0.751145 
19 -0.743664 
20 -0.479465 
21 -1.134551 
22 -0.601245 
23 -0.685501 
24 -0.873412 
25 -0.642335 
26 -0.469016 
27 -0.394107 
28 -0.415476 
29 -0.105340 
30 -0.058778 
31 -0.194106 
32 -0.368125 
33 -1.028050 
34 -0.408781 
35 -0.901354 
36 -0.682866 
37 -0.371394 
38 -0.640794 
39 -0.112705 
40 -0.612510 
41 -0.578000 
42 -0.001362 
43 -0.462261 
44 -0.800889 
45 -0.506134 
46 -0.198971 
47 -0.492921 
48 -0.485819 
49 -0.386955 
50 -1.045362 
51 -0.459200 
52 -0.616250 
53 -0.763825 
54 -0.281213 
55 -0.304144 
56 -0.493949 
57 -0.533882 
58 -0.401646 
59 -0.466084 
60 -0.525237 
61 -1.193921 
62 -0.662112 
63 -0.760274 
64 -0.443160 
65 -0.499518 
66 -0.576968 
67 -0.283769 
68 -0.619238 
69 -0.727120 
70 -0.370182 
71 -0.469034 
72 -0.472086 
73 -0.562468 
74 -0.178041 
75 -0.584364 
76 -0.833786 
77 -0.105821 
78 -0.988096 
79 -0.501615 
80 -0.441780 
81 -0.347115 
82 -0.725165 
83 -0.703651 
84 -0.899905 
85 -0.078227 
86 -0.689603 
87 -0.703504 
88 -0.356429 
89 -1.027457 
90 -0.389364 
91 -0.537309 
92 -0.429958 
93 -0.301575 
94 -0.298595 
95 -0.431559 
96 -0.416027 
97 -0.810973 
98 -0.584352 
99 -0.576107 
100 -0.404734 
101 -0.545335 
102 -0.113873 
103 -0.706415 
104 -0.288869 
105 -0.851140 
106 -0.960929 
107 -0.543061 
108 -0.476189 
109 -0.197443 
110 -0.351937 
111 -0.889727 
112 -0.261952 
113 -0.330481 
114 0.125766 
115 -0.701309 
116 -0.235267 
117 -0.914068 
118 -0.159347 
119 -0.841230 
120 -0.567712 
121 0.053756 
122 -0.409909 
123 -0.967726 
124 -0.627999 
125 -0.290794 
126 -0.408899 
127 -0.721196 
128 -0.373090 
129 -0.583586 
130 -0.457103 
131 -0.844372 
132 -0.318495 
133 -0.729809 
134 -0.443326 
135 -0.591622 
136 -0.601777 
137 -0.571448 
138 -0.112881 
139 -0.657147 
140 -0.857448 
141 -0.526994 
142 -0.495235 
143 -0.483679 
144 -0.661947 
145 -0.208204 
146 -0.533123 
147 -0.374414 
148 -0.341969 
149 -0.104789 
150 -0.418633 
151 -0.953955 
152 -0.314700 
153 -0.585481 
154 -1.162691 
155 -0.132833 
156 -0.716603 
157 -0.263326 
158 -0.412973 
159 -0.225123 
160 -0.828877 
161 -0.595152 
162 -0.791934 
163 -0.194400 
164 -0.764844 
165 -0.575923 
166 -0.082494 
167 0.063070 
168 -0.445164 
169 -0.354435 
170 -0.366689 
171 -0.273506 
172 -0.550857 
173 -0.622867 
174 -0.209763 
175 -0.764222 
176 -0.513023 
177 -0.163175 
178 -0.908658 
179 -0.805058 
180 -0.147115 
181 -0.363508 
182 -0.685946 
183 -0.906134 
184 -0.584087 
185 -0.477750 
186 -0.805775 
187 -0.656139 
188 -0.190761 
189 -0.560153 
190 -0.642221 
191 -0.414824 
192 -0.206603 
193 -0.467410 
194 -0.657875 
195 -0.373473 
196 -0.240086 
197 -0.356094 
198 -0.816933 
199 -0.758341 
