0 -0.064861 
1 -0.420292 
2 -0.271298 
3 0.095378 
4 -0.083134 
5 -0.222159 
6 0.023546 
7 -0.021286 
8 -0.092104 
9 0.259011 
10 -0.109233 
11 0.412514 
12 -0.158528 
13 -0.320917 
14 0.285976 
15 -0.047823 
16 -0.089159 
17 -0.191372 
18 -0.160002 
19 0.304652 
20 -0.202534 
21 -0.271842 
22 -0.029829 
23 -0.316296 
24 -0.243805 
25 0.098185 
26 0.108960 
27 -0.010503 
28 -0.117078 
29 0.183656 
30 0.258173 
31 0.037909 
32 0.367832 
33 -0.074206 
34 0.217083 
35 0.061949 
36 0.027586 
37 0.100733 
38 -0.190295 
39 0.198436 
40 0.062025 
41 0.021870 
42 -0.028919 
43 0.010313 
44 -0.054793 
45 0.292303 
46 0.073548 
47 -0.202380 
48 -0.039195 
49 0.069389 
50 0.123770 
51 -0.091841 
52 -0.148852 
53 -0.157136 
54 0.170599 
55 -0.553219 
56 -0.656003 
57 -0.152858 
58 0.142966 
59 -0.092784 
60 -0.366655 
61 0.059903 
62 0.172473 
63 0.073953 
64 0.271738 
65 -0.022192 
66 0.239006 
67 -0.129231 
68 -0.050289 
69 0.338802 
70 0.032789 
71 -0.217279 
72 -0.313874 
73 -0.099150 
74 -0.164144 
75 -0.182256 
76 0.144328 
77 0.067636 
78 -0.150984 
79 0.163148 
80 -0.079432 
81 0.157770 
82 -0.069384 
83 -0.147519 
84 -0.016381 
85 0.099596 
86 -0.095055 
87 -0.042063 
88 0.041199 
89 0.308950 
90 0.193355 
91 -0.033748 
92 0.334183 
93 -0.168464 
94 0.014873 
95 0.277787 
96 0.183324 
97 0.185087 
98 0.295184 
99 0.086438 
100 -0.129698 
101 0.125744 
102 -0.119308 
103 -0.008320 
104 -0.015033 
105 0.122967 
106 -0.044092 
107 0.239695 
108 -0.007152 
109 0.281679 
110 0.049291 
111 -0.023603 
112 -0.166669 
113 0.137875 
114 0.126643 
115 -0.138579 
116 -0.100442 
117 -0.046306 
118 0.232278 
119 -0.051918 
120 0.004311 
121 -0.194433 
122 0.098730 
123 -0.050952 
124 0.557965 
125 -0.142732 
126 0.086950 
127 0.085609 
128 0.152170 
129 -0.022910 
130 0.137260 
131 0.264678 
132 -0.002693 
133 0.191256 
134 -0.245127 
135 -0.011662 
136 0.116108 
137 0.267856 
138 -0.347172 
139 0.288080 
140 0.223409 
141 -0.238297 
142 -0.265594 
143 -0.065376 
144 -0.136022 
145 0.087300 
146 0.204719 
147 0.251373 
148 0.072772 
149 0.439846 
150 0.216653 
151 0.100243 
152 0.058707 
153 -0.032799 
154 -0.270816 
155 0.188344 
156 0.358839 
157 -0.196194 
158 -0.002162 
159 -0.246669 
160 0.219027 
161 0.075201 
162 -0.240109 
163 0.014456 
164 0.231738 
165 0.046908 
166 0.186125 
167 -0.250065 
168 -0.030203 
169 -0.082951 
170 -0.069936 
171 -0.018029 
172 -0.285328 
173 -0.383808 
174 0.008467 
175 -0.038273 
176 0.549750 
177 0.074835 
178 -0.058751 
179 0.366976 
180 0.008836 
181 0.118369 
182 0.028461 
183 0.320643 
184 0.327586 
185 0.151827 
186 -0.080642 
187 -0.008782 
188 -0.211125 
189 0.097682 
190 -0.078770 
191 0.085482 
192 0.048952 
193 -0.037235 
194 -0.237545 
195 -0.218179 
196 -0.041874 
197 -0.469026 
198 -0.121333 
199 -0.057777 
