0 -0.951200 
1 -0.066718 
2 -0.390718 
3 -0.797179 
4 -0.590726 
5 -0.546856 
6 -0.434233 
7 -1.040591 
8 -0.469917 
9 -0.493024 
10 -0.618576 
11 -0.732109 
12 -0.392362 
13 -0.500926 
14 -0.684461 
15 -0.188197 
16 -0.450261 
17 -0.278167 
18 -0.989123 
19 -0.879426 
20 -0.430406 
21 -1.005843 
22 -0.359182 
23 -0.274736 
24 -0.386188 
25 -0.597730 
26 -0.521601 
27 -0.699670 
28 -0.313467 
29 -0.243337 
30 -0.571181 
31 -0.836558 
32 -0.646478 
33 -0.304710 
34 -0.416063 
35 -0.510263 
36 -0.478721 
37 -0.518485 
38 -0.143636 
39 -0.031865 
40 0.049321 
41 -0.729023 
42 -0.441935 
43 -0.523347 
44 -0.593654 
45 -0.724976 
46 -0.524062 
47 -0.650945 
48 -0.258321 
49 -0.111151 
50 -0.671327 
51 -0.126493 
52 -1.125833 
53 -0.536875 
54 -0.459739 
55 -0.871908 
56 -0.162028 
57 -0.684288 
58 -0.281169 
59 -0.404191 
60 -0.227282 
61 -0.356234 
62 -0.391393 
63 -0.724088 
64 -0.340515 
65 -0.383442 
66 -0.174760 
67 -0.307588 
68 -0.610688 
69 -0.513758 
70 -0.577592 
71 -0.267341 
72 -0.490912 
73 -0.614347 
74 -0.167692 
75 -0.398087 
76 -0.829313 
77 -0.020838 
78 -0.346429 
79 -0.438886 
80 -0.779449 
81 -0.369284 
82 -0.574154 
83 -0.712472 
84 -0.259669 
85 -0.810496 
86 -0.989856 
87 -0.835132 
88 -0.210887 
89 -0.561741 
90 -0.395702 
91 -0.709866 
92 -0.245185 
93 -0.385958 
94 -0.271778 
95 -0.387398 
96 -0.323083 
97 -0.272561 
98 -0.226758 
99 -0.943951 
100 -0.277970 
101 -0.594049 
102 -0.407752 
103 -0.513655 
104 -0.729145 
105 -0.592502 
106 -0.180372 
107 -0.104488 
108 -0.695128 
109 -0.752485 
110 -0.209491 
111 -0.318344 
112 -1.115144 
113 -0.574512 
114 -0.829828 
115 -1.162920 
116 -0.328917 
117 -0.584953 
118 -0.617597 
119 -0.495238 
120 -0.479770 
121 -0.873674 
122 -0.577206 
123 -0.054289 
124 -0.363967 
125 -1.170894 
126 -0.710538 
127 -0.497982 
128 -0.386047 
129 -0.325486 
130 -0.401827 
131 -0.400191 
132 -0.257864 
133 -0.725223 
134 0.127169 
135 -0.451713 
136 -0.582395 
137 -0.326545 
138 -0.594678 
139 -0.553883 
140 0.146878 
141 -0.118410 
142 -0.363230 
143 -0.480506 
144 -0.023478 
145 -0.723149 
146 -0.430386 
147 -0.468240 
148 -0.140771 
149 -0.718624 
150 -0.381852 
151 -0.843954 
152 -0.293723 
153 -0.388873 
154 -0.247433 
155 -1.027055 
156 -0.661968 
157 -0.386673 
158 -0.584563 
159 -0.216589 
160 -0.153152 
161 -0.070727 
162 -0.477974 
163 -0.460167 
164 -0.353621 
165 -0.881460 
166 -0.297976 
167 -0.332688 
168 -0.625886 
169 -0.323686 
170 -0.506998 
171 -0.950719 
172 -0.521048 
173 -0.443908 
174 -0.554626 
175 -0.455308 
176 -0.406694 
177 -0.106489 
178 -0.065424 
179 -0.243749 
180 -0.329193 
181 -0.850592 
182 -0.610998 
183 -0.832853 
184 -0.886441 
185 0.140796 
186 -0.692430 
187 -0.504219 
188 -0.392350 
189 -0.303575 
190 -0.350387 
191 -0.323881 
192 -0.596961 
193 -0.357799 
194 -0.386879 
195 -0.157395 
196 -0.148106 
197 -0.394413 
198 -0.319392 
199 -0.598127 
