0 -0.349833 
1 -0.716025 
2 -0.272755 
3 -0.356700 
4 -0.352537 
5 -0.718019 
6 -0.437815 
7 -0.265141 
8 -0.373728 
9 -0.472111 
10 -0.550258 
11 -0.388258 
12 -0.510922 
13 -0.436589 
14 -0.183426 
15 -0.417093 
16 -0.501459 
17 -0.140803 
18 -0.561923 
19 -0.740628 
20 -0.631639 
21 -0.304170 
22 -0.674563 
23 -0.643208 
24 -0.393818 
25 -0.654405 
26 -0.121281 
27 -0.787765 
28 -0.243428 
29 -0.727047 
30 -0.504792 
31 -0.618195 
32 -0.319575 
33 -0.321449 
34 -0.626352 
35 -0.934060 
36 -0.774636 
37 -0.288258 
38 -0.429644 
39 -0.241895 
40 -0.675589 
41 -0.752405 
42 -0.480070 
43 0.026786 
44 -0.349755 
45 -0.469654 
46 -0.630162 
47 -0.241329 
48 -0.369074 
49 -0.563372 
50 -0.819683 
51 -0.185924 
52 -0.199634 
53 -0.580244 
54 -0.891164 
55 -0.877368 
56 -0.313046 
57 -0.825512 
58 -0.902415 
59 -0.797991 
60 -0.595467 
61 -0.578424 
62 -0.240221 
63 -0.648288 
64 -0.402710 
65 -0.778251 
66 -0.242742 
67 -0.477514 
68 -0.691673 
69 -0.097790 
70 -0.195207 
71 -0.522714 
72 -0.388524 
73 -0.681919 
74 -0.379267 
75 -0.061039 
76 -0.401245 
77 -0.356230 
78 -0.333837 
79 -0.118891 
80 -0.749163 
81 -0.572663 
82 -0.983747 
83 -0.995280 
84 -0.225052 
85 -0.563066 
86 -0.833418 
87 -0.454672 
88 -0.771293 
89 -0.682769 
90 -0.502524 
91 -0.480099 
92 -0.610932 
93 -0.650237 
94 -0.279103 
95 -0.443250 
96 -0.468831 
97 -0.599917 
98 -0.121381 
99 -0.276218 
100 -0.452739 
101 -0.185733 
102 -1.022190 
103 -0.573100 
104 -0.368292 
105 -0.638984 
106 -0.390533 
107 -0.659823 
108 -0.637043 
109 -0.456927 
110 -0.480917 
111 -0.539245 
112 -0.187049 
113 -0.578534 
114 -0.546490 
115 -0.673633 
116 -0.632758 
117 -0.944038 
118 -0.861655 
119 -0.523728 
120 -0.445713 
121 -0.309802 
122 -0.465488 
123 -0.239984 
124 -0.186876 
125 -0.389140 
126 -0.770796 
127 -0.294179 
128 -0.149078 
129 -0.362958 
130 -0.872873 
131 -0.639331 
132 -1.031665 
133 -0.326044 
134 -0.615258 
135 -0.532285 
136 -0.480085 
137 -0.423192 
138 -0.336673 
139 -0.239673 
140 -0.210044 
141 -0.328368 
142 -0.824846 
143 -0.773663 
144 -0.294894 
145 -0.794112 
146 -0.343247 
147 -0.602225 
148 -0.541482 
149 -0.260362 
150 -0.490879 
151 -0.197521 
152 -0.305685 
153 -0.063327 
154 -0.552283 
155 -0.095310 
156 -0.338020 
157 -0.636733 
158 -0.406823 
159 -0.096502 
160 -0.493417 
161 -0.168581 
162 -0.444214 
163 -0.219855 
164 -0.187128 
165 -0.898564 
166 -0.874205 
167 -1.067304 
168 0.013641 
169 -0.675822 
170 -0.182773 
171 -0.449741 
172 -0.393046 
173 -0.183656 
174 -0.070636 
175 -0.777613 
176 -0.816531 
177 -0.480809 
178 -0.434061 
179 -0.539602 
180 -0.478057 
181 -0.672908 
182 -0.215192 
183 -0.922505 
184 -0.631940 
185 -0.890379 
186 -0.840402 
187 -0.195060 
188 -0.293210 
189 -0.570888 
190 -0.681398 
191 -0.394377 
192 -0.109681 
193 -0.547066 
194 -0.115481 
195 -0.365025 
196 -0.456841 
197 -0.053747 
198 -0.702219 
199 -0.356571 
