0 0.074598 
1 0.080129 
2 -0.343426 
3 0.327450 
4 -0.094669 
5 0.390563 
6 -0.182337 
7 0.100593 
8 0.271370 
9 0.090511 
10 -0.220666 
11 0.117300 
12 0.034193 
13 -0.106675 
14 0.022998 
15 0.278674 
16 0.183914 
17 -0.009974 
18 -0.011662 
19 -0.075220 
20 -0.108575 
21 0.011591 
22 -0.049179 
23 -0.318406 
24 0.387562 
25 0.048576 
26 0.218932 
27 -0.215740 
28 0.038580 
29 -0.178200 
30 0.295219 
31 0.155167 
32 0.147621 
33 0.018775 
34 -0.109336 
35 0.167207 
36 -0.393674 
37 -0.082097 
38 -0.077096 
39 -0.107711 
40 0.020266 
41 -0.202232 
42 0.272042 
43 0.050806 
44 -0.117108 
45 0.192338 
46 -0.241167 
47 0.224626 
48 -0.248284 
49 0.012933 
50 -0.058267 
51 -0.274088 
52 -0.141545 
53 0.050807 
54 -0.163219 
55 -0.208038 
56 -0.023422 
57 0.048756 
58 -0.478750 
59 0.042129 
60 -0.235068 
61 -0.536784 
62 0.076231 
63 -0.071615 
64 -0.057145 
65 -0.109971 
66 0.233599 
67 -0.077596 
68 -0.035754 
69 0.150913 
70 0.262850 
71 -0.234391 
72 -0.259489 
73 0.047956 
74 -0.051090 
75 -0.477376 
76 -0.095210 
77 0.010551 
78 0.130495 
79 -0.256324 
80 -0.135318 
81 -0.075661 
82 0.036450 
83 0.194122 
84 -0.176221 
85 0.104104 
86 -0.010206 
87 0.178483 
88 -0.144568 
89 0.113866 
90 -0.192596 
91 -0.318800 
92 -0.117687 
93 -0.060753 
94 0.179868 
95 0.052934 
96 -0.114329 
97 0.284463 
98 -0.290764 
99 0.058451 
100 -0.015559 
101 0.060700 
102 -0.087530 
103 -0.079371 
104 -0.010056 
105 -0.019329 
106 -0.018687 
107 0.252632 
108 0.031926 
109 0.109222 
110 0.117428 
111 -0.276266 
112 0.003042 
113 -0.018302 
114 -0.246513 
115 0.171417 
116 -0.211577 
117 0.068703 
118 0.174250 
119 0.126833 
120 0.113163 
121 -0.090160 
122 -0.118102 
123 0.284725 
124 0.204550 
125 -0.121067 
126 -0.646859 
127 0.062458 
128 -0.291978 
129 -0.021108 
130 0.003487 
131 -0.303270 
132 -0.036545 
133 -0.146545 
134 -0.276213 
135 -0.001022 
136 0.178872 
137 0.175818 
138 -0.005958 
139 0.157050 
140 0.111978 
141 -0.045452 
142 0.091283 
143 0.069022 
144 0.289418 
145 0.078796 
146 0.073664 
147 0.290073 
148 -0.104218 
149 0.035553 
150 0.129859 
151 -0.110951 
152 -0.158759 
153 -0.286869 
154 -0.134407 
155 -0.344617 
156 -0.067719 
157 0.159556 
158 -0.493100 
159 -0.188569 
160 -0.302139 
161 0.079236 
162 0.079475 
163 0.020618 
164 -0.004174 
165 0.112324 
166 -0.116244 
167 -0.151375 
168 0.178735 
169 0.284918 
170 0.233794 
171 0.065886 
172 -0.256749 
173 -0.151236 
174 0.270886 
175 0.351833 
176 0.290996 
177 -0.054458 
178 0.118608 
179 -0.051286 
180 0.327189 
181 0.016901 
182 0.164090 
183 0.172456 
184 -0.012919 
185 0.101694 
186 -0.228211 
187 -0.246338 
188 -0.104691 
189 -0.272724 
190 -0.008531 
191 0.140475 
192 -0.072874 
193 -0.240550 
194 0.152376 
195 -0.214452 
196 0.017117 
197 -0.009134 
198 -0.060385 
199 0.019236 
