0 -0.415840 
1 -0.407850 
2 -0.932519 
3 -0.568285 
4 -0.903172 
5 -0.624613 
6 -0.877479 
7 -0.587615 
8 -0.820886 
9 -0.274287 
10 -0.961629 
11 -0.480785 
12 -1.030824 
13 -0.376563 
14 -0.059054 
15 -0.644255 
16 -0.331627 
17 -0.595662 
18 -0.838005 
19 -0.235950 
20 -0.334819 
21 -1.049259 
22 -0.634031 
23 -0.726222 
24 -0.810537 
25 -0.552347 
26 -0.368926 
27 -0.916926 
28 -0.681069 
29 -0.561634 
30 -0.906126 
31 -0.814105 
32 -1.120785 
33 -0.313941 
34 -0.813569 
35 -0.757062 
36 -0.627862 
37 -0.695666 
38 -0.685373 
39 -0.463902 
40 -0.605377 
41 -0.613768 
42 -0.758377 
43 -0.871922 
44 -0.348926 
45 -0.902745 
46 -0.853602 
47 -0.472398 
48 -0.695691 
49 -0.533791 
50 -0.283549 
51 -0.769706 
52 -0.978161 
53 -0.659312 
54 -0.608357 
55 -0.805437 
56 -0.775390 
57 -0.805193 
58 -0.590415 
59 -0.520832 
60 -0.157423 
61 -0.751915 
62 -0.881331 
63 -0.909968 
64 -0.827802 
65 -0.706513 
66 -0.554875 
67 -0.752106 
68 -0.320797 
69 -0.808394 
70 -0.457049 
71 -0.770190 
72 -0.372712 
73 -0.395554 
74 -0.587216 
75 -0.095501 
76 -0.582572 
77 -1.138895 
78 -0.623290 
79 -1.468956 
80 -0.666776 
81 -0.876261 
82 -0.511451 
83 -0.487268 
84 -0.392932 
85 -0.657689 
86 -0.029353 
87 -0.554696 
88 -0.170007 
89 -0.624198 
90 -0.688691 
91 -0.896125 
92 -0.972956 
93 -0.614473 
94 -0.733335 
95 -0.598527 
96 -0.239209 
97 -0.769363 
98 -0.848604 
99 -0.777227 
100 -0.224394 
101 -0.466921 
102 -0.440540 
103 -0.593924 
104 -0.548652 
105 -1.102887 
106 -0.575914 
107 -0.459014 
108 -0.674252 
109 -0.920529 
110 -0.842641 
111 -0.633503 
112 -0.440703 
113 -0.484158 
114 -0.162221 
115 -0.995306 
116 -0.494656 
117 -0.359762 
118 -0.281018 
119 -0.411417 
120 -0.886943 
121 -0.471601 
122 -0.922679 
123 -0.551165 
124 -0.367249 
125 -0.687965 
126 -0.420749 
127 -0.477507 
128 -0.336502 
129 -0.768344 
130 -0.621595 
131 -0.692413 
132 -0.403184 
133 -0.854513 
134 -0.329837 
135 -0.779815 
136 -0.499246 
137 -0.452598 
138 -1.137664 
139 -0.602655 
140 -0.657588 
141 -0.380880 
142 -0.429503 
143 -0.635590 
144 -0.630684 
145 -0.531242 
146 -1.135789 
147 -0.801828 
148 -0.442944 
149 -0.377490 
150 -0.610133 
151 -0.951975 
152 -0.541787 
153 -0.448948 
154 -1.097890 
155 -0.847122 
156 -0.812696 
157 -0.643317 
158 -0.406133 
159 -0.670921 
160 -0.745354 
161 -0.649769 
162 -0.977227 
163 -0.909385 
164 -0.979724 
165 -0.771815 
166 -0.665912 
167 -0.575087 
168 -0.922243 
169 -0.639095 
170 -0.899951 
171 -0.533878 
172 -0.570054 
173 -0.679670 
174 -0.669851 
175 -0.630769 
176 -0.255714 
177 -0.689302 
178 -0.657526 
179 -0.607030 
180 -0.734905 
181 -0.786139 
182 -0.236407 
183 -0.571753 
184 -0.750965 
185 -1.023598 
186 -0.627526 
187 -0.540578 
188 -0.614833 
189 -0.376455 
190 -0.325024 
191 -0.306997 
192 -0.413076 
193 -0.488333 
194 -0.297074 
195 -0.866743 
196 -0.656702 
197 -0.969238 
198 -1.035699 
199 -0.756046 
