0 -1.268167 
1 -0.552216 
2 -0.086769 
3 -0.551711 
4 -0.778030 
5 -0.229893 
6 -0.796076 
7 -0.740152 
8 -0.705109 
9 -0.792003 
10 -0.721976 
11 -0.088680 
12 -0.587010 
13 -0.483002 
14 -0.181865 
15 -0.496401 
16 -0.875056 
17 -0.828285 
18 -0.569470 
19 -1.414200 
20 -0.828403 
21 -0.317795 
22 -0.446311 
23 -0.308670 
24 -0.725961 
25 -0.581650 
26 -0.793421 
27 -0.757027 
28 -0.896563 
29 -0.822508 
30 -0.550456 
31 -0.364138 
32 -0.923087 
33 -0.707939 
34 -0.939889 
35 -1.110432 
36 -0.351352 
37 -1.211638 
38 -0.612899 
39 -0.345884 
40 -0.530044 
41 -0.505279 
42 -0.073936 
43 -0.432448 
44 -0.696972 
45 -0.327111 
46 -1.366254 
47 -1.206100 
48 -0.674978 
49 -0.599712 
50 -0.699389 
51 -0.977992 
52 -0.644271 
53 -0.052483 
54 -0.433275 
55 -0.532710 
56 -0.569737 
57 -0.773832 
58 -0.348182 
59 -0.716900 
60 -0.624630 
61 -0.507114 
62 -1.084429 
63 -0.791115 
64 -0.948295 
65 -0.234913 
66 -0.582416 
67 -0.884606 
68 -0.957971 
69 -1.213833 
70 -0.773351 
71 -0.464209 
72 -0.671880 
73 -0.797834 
74 -0.659088 
75 -0.295581 
76 -0.504191 
77 -0.630733 
78 -0.793232 
79 -0.449367 
80 -0.853333 
81 -0.942018 
82 -0.725112 
83 -1.123692 
84 -0.541828 
85 -0.530280 
86 -0.653117 
87 -0.363567 
88 -0.396274 
89 -0.859877 
90 -0.582276 
91 -1.293369 
92 -0.377928 
93 -1.074580 
94 -0.450643 
95 -0.777281 
96 -0.754972 
97 -0.605699 
98 -0.688524 
99 -0.674981 
100 -0.761106 
101 -0.841403 
102 -0.351502 
103 -0.869659 
104 -1.002174 
105 -0.408271 
106 -0.577190 
107 -0.635082 
108 -0.915828 
109 -0.507435 
110 -1.074538 
111 -0.289562 
112 -0.941245 
113 -0.201095 
114 -0.889265 
115 -0.718398 
116 -0.360754 
117 -1.275127 
118 -0.758876 
119 -0.585693 
120 -0.413843 
121 -0.796074 
122 -0.645716 
123 -0.344923 
124 -1.432564 
125 -1.066052 
126 -1.078078 
127 -0.660394 
128 -0.259760 
129 -0.718322 
130 -0.414623 
131 -0.570501 
132 -0.741345 
133 -0.848897 
134 -0.720171 
135 -0.830945 
136 -0.815978 
137 -0.357044 
138 -0.914012 
139 -0.209322 
140 -0.892488 
141 -1.042227 
142 -0.961823 
143 -0.713836 
144 -0.302472 
145 -0.561258 
146 -0.467775 
147 -0.668513 
148 -1.141734 
149 -0.445441 
150 -0.458020 
151 -0.513467 
152 -0.584470 
153 -0.601808 
154 -0.738324 
155 -1.020793 
156 -0.654538 
157 -1.065219 
158 -0.599545 
159 -0.802149 
160 -0.311663 
161 -1.020805 
162 -1.497828 
163 -0.653292 
164 -0.540487 
165 -0.558564 
166 -1.191606 
167 -0.564959 
168 -0.608380 
169 -0.606259 
170 -0.644743 
171 -1.170894 
172 -0.996958 
173 -0.970746 
174 -0.758935 
175 -0.198503 
176 -1.329671 
177 -0.912688 
178 -0.691456 
179 -0.518485 
180 -0.205569 
181 -0.821001 
182 -0.591001 
183 -0.790237 
184 -0.210285 
185 -1.053013 
186 -0.669022 
187 -0.963263 
188 -0.895031 
189 -0.895016 
190 -1.257565 
191 -1.027976 
192 -0.363209 
193 -1.126059 
194 -1.132261 
195 -0.881337 
196 -1.183727 
197 -0.744222 
198 -0.321397 
199 -0.408166 
