0 0.135889 
1 0.045854 
2 -0.064669 
3 -0.113259 
4 -0.106081 
5 -0.267749 
6 -0.139050 
7 -0.032008 
8 -0.250832 
9 -0.004376 
10 0.146577 
11 0.214427 
12 -0.241595 
13 -0.114551 
14 -0.362367 
15 0.203668 
16 -0.385388 
17 -0.045829 
18 -0.169451 
19 -0.009850 
20 -0.012170 
21 -0.174500 
22 -0.062794 
23 0.041615 
24 -0.419520 
25 0.343557 
26 -0.145970 
27 0.118048 
28 0.039809 
29 0.105904 
30 -0.145813 
31 -0.312999 
32 -0.098162 
33 0.063644 
34 -0.258338 
35 -0.245627 
36 -0.114735 
37 -0.056318 
38 -0.181701 
39 0.272526 
40 0.051411 
41 -0.004724 
42 0.048706 
43 -0.111483 
44 -0.100036 
45 -0.130259 
46 -0.055013 
47 0.019968 
48 -0.054540 
49 -0.031419 
50 -0.171683 
51 0.032917 
52 -0.291343 
53 0.120364 
54 -0.005816 
55 0.017158 
56 0.121634 
57 0.169920 
58 -0.502325 
59 0.028458 
60 0.038939 
61 -0.007236 
62 0.030190 
63 0.235459 
64 0.215283 
65 0.260457 
66 0.078566 
67 0.168710 
68 -0.168650 
69 0.287400 
70 -0.171210 
71 -0.125861 
72 0.248690 
73 0.180804 
74 0.093227 
75 0.286290 
76 0.174065 
77 -0.043556 
78 0.022431 
79 -0.063027 
80 0.274016 
81 -0.157885 
82 0.366021 
83 -0.332777 
84 -0.357974 
85 -0.143883 
86 -0.111578 
87 -0.082375 
88 -0.072216 
89 -0.305611 
90 0.012104 
91 0.079646 
92 0.087382 
93 0.096731 
94 -0.323111 
95 0.243919 
96 0.269549 
97 0.303275 
98 -0.105455 
99 -0.077400 
100 -0.231323 
101 -0.101749 
102 0.161985 
103 0.030472 
104 0.078998 
105 -0.355470 
106 -0.155108 
107 0.039254 
108 -0.041969 
109 -0.073832 
110 -0.006969 
111 0.031663 
112 -0.062423 
113 0.147582 
114 0.331526 
115 0.070843 
116 0.186697 
117 -0.148329 
118 0.264171 
119 -0.037961 
120 -0.601034 
121 -0.050125 
122 0.094976 
123 0.117397 
124 0.252913 
125 0.130325 
126 -0.147619 
127 0.102223 
128 0.102248 
129 -0.424972 
130 -0.374906 
131 -0.141764 
132 -0.142318 
133 -0.124747 
134 -0.028870 
135 -0.114382 
136 0.320303 
137 0.013494 
138 0.210375 
139 0.282571 
140 -0.072200 
141 -0.139056 
142 -0.018962 
143 0.173460 
144 0.018367 
145 0.170277 
146 -0.042828 
147 -0.134558 
148 -0.000988 
149 0.038935 
150 -0.008225 
151 0.019808 
152 0.202036 
153 -0.018518 
154 -0.044810 
155 0.027274 
156 -0.126202 
157 0.293290 
158 0.175127 
159 -0.227767 
160 -0.287635 
161 0.009151 
162 0.192388 
163 0.081029 
164 -0.155203 
165 0.284740 
166 0.232420 
167 -0.227611 
168 0.239070 
169 0.073945 
170 -0.099886 
171 0.069472 
172 -0.301417 
173 0.212969 
174 -0.108248 
175 0.115487 
176 0.145988 
177 -0.063154 
178 0.167052 
179 -0.138093 
180 -0.140152 
181 0.097355 
182 0.230251 
183 0.143487 
184 -0.010597 
185 0.367409 
186 -0.224193 
187 0.029130 
188 -0.134927 
189 -0.745655 
190 -0.300889 
191 -0.058647 
192 0.151207 
193 0.263191 
194 0.024157 
195 -0.171899 
196 -0.036297 
197 0.064186 
198 -0.110698 
199 0.204140 
