0 -0.349708 
1 -0.587520 
2 -0.543161 
3 -0.161404 
4 -0.361164 
5 -0.445345 
6 -0.535969 
7 -0.474882 
8 -0.526928 
9 -0.495664 
10 -0.290803 
11 -0.840471 
12 -0.290769 
13 -0.936931 
14 -0.950886 
15 -0.924665 
16 -0.549785 
17 -0.597764 
18 -0.892317 
19 -0.544729 
20 -0.829373 
21 -0.946872 
22 -0.251375 
23 -1.108103 
24 -0.313947 
25 -0.806115 
26 -0.613587 
27 -0.767565 
28 -0.858311 
29 -0.817491 
30 -0.622182 
31 -0.667362 
32 -0.131824 
33 -0.836745 
34 -0.631517 
35 -0.448368 
36 -0.514641 
37 -0.648418 
38 -0.223048 
39 -0.440536 
40 -0.863460 
41 -0.376760 
42 -0.604480 
43 -0.673059 
44 -0.925741 
45 -0.808587 
46 -0.607503 
47 -1.258849 
48 -0.697662 
49 -0.530295 
50 -0.527337 
51 -0.496807 
52 -0.344848 
53 -0.091826 
54 -1.125014 
55 -0.899196 
56 -0.528511 
57 -0.510939 
58 -1.271716 
59 -0.398774 
60 -0.611973 
61 -0.985643 
62 -0.481867 
63 -0.433237 
64 -0.897802 
65 -0.836942 
66 -0.259595 
67 -1.138828 
68 -0.640930 
69 -0.989113 
70 -0.949101 
71 -1.132673 
72 -0.264385 
73 -0.585447 
74 -0.617856 
75 -0.301563 
76 -0.531618 
77 -1.027615 
78 -0.905114 
79 -0.942616 
80 -1.032608 
81 -1.253827 
82 -0.936731 
83 -1.027875 
84 -0.321105 
85 -0.529936 
86 -0.690187 
87 -0.701850 
88 -1.141703 
89 -0.318933 
90 -0.233857 
91 -0.431160 
92 -0.827809 
93 -0.433173 
94 -0.529400 
95 -0.912381 
96 -0.515039 
97 -0.194528 
98 -0.633381 
99 -0.426321 
100 -0.953710 
101 -0.379042 
102 -0.773425 
103 -0.555185 
104 -0.827265 
105 -0.253178 
106 -0.470479 
107 -0.907463 
108 -1.005793 
109 -0.414514 
110 -0.424992 
111 -0.668785 
112 -0.657086 
113 -0.470946 
114 -0.959274 
115 -0.597729 
116 -0.948932 
117 -0.879825 
118 -0.710964 
119 -0.634770 
120 -0.032654 
121 -0.724351 
122 -0.642497 
123 -0.667224 
124 -0.982836 
125 -0.428941 
126 -0.520650 
127 -0.458091 
128 -0.875983 
129 -0.879603 
130 -0.763959 
131 -0.747260 
132 -0.711304 
133 -0.913311 
134 -0.482670 
135 -0.506755 
136 -0.310193 
137 -0.466379 
138 -0.577278 
139 -0.337308 
140 -1.104869 
141 -0.904975 
142 -0.387844 
143 -0.990725 
144 -0.874898 
145 -1.085404 
146 -0.821394 
147 -1.045745 
148 -0.715318 
149 -0.674048 
150 -0.962514 
151 -0.727613 
152 -0.532675 
153 -0.761264 
154 -0.764148 
155 -0.543439 
156 -0.304716 
157 -0.555512 
158 -0.791479 
159 -1.189099 
160 -0.557852 
161 -0.564064 
162 -0.172880 
163 -0.854498 
164 -0.768587 
165 -0.986187 
166 -0.590541 
167 -1.000101 
168 -0.636805 
169 -0.740789 
170 -0.473592 
171 -0.854741 
172 -0.414858 
173 -0.646788 
174 -0.637976 
175 -0.673655 
176 -0.882605 
177 -0.498389 
178 -0.186596 
179 -0.786363 
180 -0.317106 
181 -0.569165 
182 -0.771498 
183 -0.883447 
184 -0.553012 
185 -0.115308 
186 -0.542363 
187 -0.692028 
188 -0.882506 
189 -0.656499 
190 -0.890767 
191 -0.703257 
192 -0.704112 
193 -0.163535 
194 -0.673055 
195 -0.977078 
196 -0.372010 
197 -0.506779 
198 -1.009858 
199 -0.328623 
