0 -0.376185 
1 -0.452124 
2 -0.607995 
3 -0.267502 
4 -0.394147 
5 -0.533415 
6 -1.148405 
7 -1.209246 
8 -0.928313 
9 -0.450161 
10 -0.568380 
11 -0.951771 
12 -0.897843 
13 -0.683478 
14 -0.839433 
15 -0.419318 
16 -1.080569 
17 -0.373770 
18 -1.402664 
19 -1.492239 
20 -1.030743 
21 -1.224212 
22 -0.764331 
23 -0.596511 
24 -1.335214 
25 -0.429711 
26 -0.569787 
27 -0.311138 
28 -0.347806 
29 -0.769211 
30 -1.274662 
31 -1.153050 
32 -0.541750 
33 -0.881522 
34 -0.809809 
35 -0.505851 
36 -0.628721 
37 -1.024136 
38 -0.540715 
39 -1.248845 
40 -0.508873 
41 -0.822312 
42 -0.440466 
43 -0.263585 
44 -1.105268 
45 -1.011486 
46 -0.835666 
47 -0.553576 
48 -0.776371 
49 -1.274215 
50 -0.691831 
51 0.032577 
52 -0.264239 
53 -0.438396 
54 -1.103267 
55 -0.552076 
56 -0.601324 
57 -0.571770 
58 -0.790069 
59 -0.818595 
60 -0.577287 
61 -0.861633 
62 -0.536816 
63 -0.415825 
64 -1.031341 
65 -1.292246 
66 -0.418729 
67 -0.952980 
68 -0.692225 
69 -0.522974 
70 -1.024861 
71 -0.391513 
72 -0.731006 
73 -0.673215 
74 -0.760365 
75 -0.572348 
76 -0.522700 
77 -1.004988 
78 -0.633569 
79 -0.535090 
80 -1.230509 
81 -1.189962 
82 -0.599427 
83 -0.718674 
84 0.012975 
85 -0.438288 
86 -0.714180 
87 -0.723465 
88 -0.782988 
89 -0.956358 
90 -0.735681 
91 -1.230308 
92 -0.182420 
93 -0.567880 
94 -1.121158 
95 -0.441835 
96 -0.881775 
97 -0.796425 
98 -0.670778 
99 -0.862783 
100 -1.276705 
101 -1.006335 
102 -0.826353 
103 -1.065519 
104 -0.207787 
105 -0.903390 
106 -0.602145 
107 -0.331693 
108 -0.683139 
109 -0.874521 
110 -0.525916 
111 -0.808220 
112 -0.810785 
113 -0.421331 
114 -0.802264 
115 -0.673087 
116 -1.070319 
117 -0.332454 
118 -0.424630 
119 -1.049576 
120 -0.707767 
121 -0.879390 
122 -0.647708 
123 -0.900410 
124 -0.567192 
125 -0.402859 
126 -0.565317 
127 -0.492725 
128 -0.924550 
129 -1.177123 
130 -0.496068 
131 -0.809578 
132 -0.721091 
133 -0.279054 
134 -0.849262 
135 -1.062576 
136 -0.738758 
137 -0.742214 
138 -0.687959 
139 -1.068882 
140 -0.588179 
141 -0.831721 
142 -0.866106 
143 -0.467351 
144 -0.730157 
145 -0.406075 
146 -0.943206 
147 -0.860377 
148 -0.361033 
149 -0.600769 
150 -0.741417 
151 -1.109695 
152 -1.149687 
153 -0.789350 
154 -1.287969 
155 -0.624327 
156 -0.395545 
157 -0.759712 
158 -0.635894 
159 -0.907073 
160 -0.989409 
161 -0.727457 
162 -0.568321 
163 -0.834616 
164 -1.021733 
165 -0.647495 
166 -0.549058 
167 -1.217292 
168 -0.616568 
169 -0.592696 
170 -0.816388 
171 -0.607260 
172 -0.918428 
173 -0.491707 
174 -0.714176 
175 -1.026451 
176 -0.387350 
177 -0.774344 
178 -1.305354 
179 -0.589812 
180 -0.555836 
181 -0.299771 
182 -0.781764 
183 -0.116083 
184 -0.367313 
185 -1.247819 
186 -0.877199 
187 -0.442412 
188 -0.616493 
189 -0.753355 
190 -0.476123 
191 -1.008630 
192 -0.295890 
193 -0.533660 
194 -1.255214 
195 -0.481037 
196 -0.825976 
197 -1.276637 
198 -0.766842 
199 -0.690038 
