0.000000 -0.914843 
1.000000 -0.914843 
2.000000 -0.914843 
3.000000 -0.914843 
4.000000 -0.914843 
5.000000 -0.914843 
6.000000 -0.914843 
7.000000 -0.914843 
8.000000 -0.914843 
9.000000 -0.914843 
10.000000 -0.914843 
11.000000 -0.914843 
12.000000 -0.914843 
13.000000 -0.914843 
14.000000 -0.914843 
15.000000 -0.914843 
16.000000 -0.914843 
17.000000 -0.914843 
18.000000 -0.914843 
19.000000 -0.914843 
20.000000 -0.816771 
21.000000 -0.816929 
22.000000 -0.817181 
23.000000 -0.817549 
24.000000 -0.818040 
25.000000 -0.818652 
26.000000 -0.819372 
27.000000 -0.820179 
28.000000 -0.821046 
29.000000 -0.821948 
30.000000 -0.822858 
31.000000 -0.823754 
32.000000 -0.824616 
33.000000 -0.825431 
34.000000 -0.826188 
35.000000 -0.826881 
36.000000 -0.827504 
37.000000 -0.828056 
38.000000 -0.828534 
39.000000 -0.828940 
40.000000 -0.829283 
41.000000 -0.829579 
42.000000 -0.829856 
43.000000 -0.830142 
44.000000 -0.830463 
45.000000 -0.830829 
46.000000 -0.831232 
47.000000 -0.831646 
48.000000 -0.832037 
49.000000 -0.832375 
50.000000 -0.832647 
51.000000 -0.832858 
52.000000 -0.833034 
53.000000 -0.833209 
54.000000 -0.833421 
55.000000 -0.833695 
56.000000 -0.834045 
57.000000 -0.834473 
58.000000 -0.834973 
59.000000 -0.835541 
60.000000 -0.836177 
61.000000 -0.836884 
62.000000 -0.837660 
63.000000 -0.838493 
64.000000 -0.839357 
65.000000 -0.840214 
66.000000 -0.841019 
67.000000 -0.841737 
68.000000 -0.842347 
69.000000 -0.842850 
70.000000 -0.843262 
71.000000 -0.843616 
72.000000 -0.843946 
73.000000 -0.844283 
74.000000 -0.844645 
75.000000 -0.845040 
76.000000 -0.845463 
77.000000 -0.845904 
78.000000 -0.846347 
79.000000 -0.846779 
80.000000 -0.847194 
81.000000 -0.847598 
82.000000 -0.848007 
83.000000 -0.848449 
84.000000 -0.848956 
85.000000 -0.849554 
86.000000 -0.850255 
87.000000 -0.851057 
88.000000 -0.851933 
89.000000 -0.852838 
90.000000 -0.853709 
91.000000 -0.854473 
92.000000 -0.855059 
93.000000 -0.855413 
94.000000 -0.855510 
95.000000 -0.855352 
96.000000 -0.854970 
97.000000 -0.854414 
98.000000 -0.853740 
99.000000 -0.853005 
100.000000 -0.852262 
100.000000 -0.903624 
101.000000 -0.903624 
102.000000 -0.903624 
103.000000 -0.903624 
104.000000 -0.903624 
105.000000 -0.903624 
106.000000 -0.903624 
107.000000 -0.903624 
108.000000 -0.903624 
109.000000 -0.903624 
110.000000 -0.903624 
111.000000 -0.903624 
112.000000 -0.903624 
113.000000 -0.903624 
114.000000 -0.903624 
115.000000 -0.903624 
116.000000 -0.903624 
117.000000 -0.903624 
118.000000 -0.903624 
119.000000 -0.903624 
120.000000 -0.876440 
121.000000 -0.875462 
122.000000 -0.874293 
123.000000 -0.872899 
124.000000 -0.871269 
125.000000 -0.869418 
126.000000 -0.867398 
127.000000 -0.865283 
128.000000 -0.863157 
129.000000 -0.861087 
130.000000 -0.859109 
131.000000 -0.857214 
132.000000 -0.855359 
133.000000 -0.853484 
134.000000 -0.851538 
135.000000 -0.849495 
136.000000 -0.847361 
137.000000 -0.845171 
138.000000 -0.842977 
139.000000 -0.840827 
140.000000 -0.838762 
141.000000 -0.836805 
142.000000 -0.834963 
143.000000 -0.833238 
144.000000 -0.831627 
145.000000 -0.830127 
146.000000 -0.828734 
147.000000 -0.827440 
148.000000 -0.826225 
149.000000 -0.825059 
150.000000 -0.823904 
151.000000 -0.822722 
152.000000 -0.821481 
153.000000 -0.820158 
154.000000 -0.818742 
155.000000 -0.817226 
156.000000 -0.815618 
157.000000 -0.813937 
158.000000 -0.812217 
159.000000 -0.810501 
160.000000 -0.808834 
161.000000 -0.807251 
162.000000 -0.805769 
163.000000 -0.804376 
164.000000 -0.803038 
165.000000 -0.801708 
166.000000 -0.800340 
167.000000 -0.798902 
168.000000 -0.797387 
169.000000 -0.795807 
170.000000 -0.794183 
171.000000 -0.792531 
172.000000 -0.790855 
173.000000 -0.789140 
174.000000 -0.787364 
175.000000 -0.785509 
176.000000 -0.783573 
177.000000 -0.781576 
178.000000 -0.779556 
179.000000 -0.777553 
180.000000 -0.775600 
181.000000 -0.773710 
182.000000 -0.771873 
183.000000 -0.770066 
184.000000 -0.768266 
185.000000 -0.766461 
186.000000 -0.764659 
187.000000 -0.762886 
188.000000 -0.761178 
189.000000 -0.759571 
190.000000 -0.758092 
191.000000 -0.756756 
192.000000 -0.755568 
193.000000 -0.754538 
194.000000 -0.753682 
195.000000 -0.753026 
196.000000 -0.752591 
197.000000 -0.752387 
198.000000 -0.752394 
199.000000 -0.752570 
200.000000 -0.752847 
201.000000 -0.753157 
202.000000 -0.753442 
203.000000 -0.753666 
204.000000 -0.753815 
205.000000 -0.753894 
206.000000 -0.753917 
207.000000 -0.753896 
208.000000 -0.753840 
209.000000 -0.753755 
210.000000 -0.753651 
211.000000 -0.753540 
212.000000 -0.753437 
213.000000 -0.753353 
214.000000 -0.753288 
215.000000 -0.753226 
216.000000 -0.753135 
217.000000 -0.752975 
218.000000 -0.752711 
219.000000 -0.752322 
220.000000 -0.751812 
221.000000 -0.751204 
222.000000 -0.750532 
223.000000 -0.749834 
224.000000 -0.749140 
225.000000 -0.748474 
226.000000 -0.747857 
227.000000 -0.747312 
228.000000 -0.746872 
229.000000 -0.746575 
230.000000 -0.746458 
231.000000 -0.746543 
232.000000 -0.746827 
233.000000 -0.747280 
234.000000 -0.747850 
235.000000 -0.748470 
236.000000 -0.749075 
237.000000 -0.749612 
238.000000 -0.750042 
239.000000 -0.750341 
240.000000 -0.750503 
241.000000 -0.750533 
242.000000 -0.750446 
243.000000 -0.750271 
244.000000 -0.750046 
245.000000 -0.749813 
246.000000 -0.749619 
247.000000 -0.749501 
248.000000 -0.749484 
249.000000 -0.749575 
250.000000 -0.749764 
251.000000 -0.750032 
252.000000 -0.750357 
253.000000 -0.750725 
254.000000 -0.751134 
255.000000 -0.751593 
256.000000 -0.752117 
257.000000 -0.752714 
258.000000 -0.753372 
259.000000 -0.754051 
260.000000 -0.754692 
261.000000 -0.755226 
262.000000 -0.755599 
263.000000 -0.755792 
264.000000 -0.755828 
265.000000 -0.755770 
266.000000 -0.755699 
267.000000 -0.755691 
268.000000 -0.755798 
269.000000 -0.756036 
270.000000 -0.756385 
271.000000 -0.756797 
272.000000 -0.757212 
273.000000 -0.757576 
274.000000 -0.757855 
275.000000 -0.758040 
276.000000 -0.758141 
277.000000 -0.758175 
278.000000 -0.758154 
279.000000 -0.758071 
280.000000 -0.757908 
281.000000 -0.757641 
282.000000 -0.757256 
283.000000 -0.756761 
284.000000 -0.756186 
285.000000 -0.755575 
286.000000 -0.754973 
287.000000 -0.754406 
288.000000 -0.753875 
289.000000 -0.753358 
290.000000 -0.752820 
291.000000 -0.752231 
292.000000 -0.751575 
293.000000 -0.750861 
294.000000 -0.750117 
295.000000 -0.749378 
296.000000 -0.748681 
297.000000 -0.748049 
298.000000 -0.747498 
299.000000 -0.747044 
300.000000 -0.746716 
301.000000 -0.746554 
302.000000 -0.746609 
303.000000 -0.746918 
304.000000 -0.747488 
305.000000 -0.748278 
306.000000 -0.749204 
307.000000 -0.750157 
308.000000 -0.751028 
309.000000 -0.751742 
310.000000 -0.752272 
311.000000 -0.752645 
312.000000 -0.752924 
313.000000 -0.753184 
314.000000 -0.753481 
315.000000 -0.753830 
316.000000 -0.754202 
317.000000 -0.754540 
318.000000 -0.754780 
319.000000 -0.754882 
320.000000 -0.754846 
321.000000 -0.754714 
322.000000 -0.754566 
323.000000 -0.754493 
324.000000 -0.754578 
325.000000 -0.754874 
326.000000 -0.755388 
327.000000 -0.756088 
328.000000 -0.756906 
329.000000 -0.757761 
330.000000 -0.758572 
331.000000 -0.759279 
332.000000 -0.759855 
333.000000 -0.760307 
334.000000 -0.760674 
335.000000 -0.761006 
336.000000 -0.761341 
337.000000 -0.761694 
338.000000 -0.762050 
339.000000 -0.762374 
340.000000 -0.762628 
341.000000 -0.762784 
342.000000 -0.762836 
343.000000 -0.762803 
344.000000 -0.762716 
345.000000 -0.762608 
346.000000 -0.762500 
347.000000 -0.762399 
348.000000 -0.762301 
349.000000 -0.762198 
350.000000 -0.762093 
351.000000 -0.761998 
352.000000 -0.761935 
353.000000 -0.761917 
354.000000 -0.761942 
355.000000 -0.761980 
356.000000 -0.761984 
357.000000 -0.761903 
358.000000 -0.761699 
359.000000 -0.761367 
360.000000 -0.760937 
361.000000 -0.760474 
362.000000 -0.760058 
363.000000 -0.759768 
364.000000 -0.759668 
365.000000 -0.759794 
366.000000 -0.760147 
367.000000 -0.760700 
368.000000 -0.761398 
369.000000 -0.762175 
370.000000 -0.762967 
371.000000 -0.763726 
372.000000 -0.764434 
373.000000 -0.765100 
374.000000 -0.765749 
375.000000 -0.766399 
376.000000 -0.767045 
377.000000 -0.767649 
378.000000 -0.768145 
379.000000 -0.768459 
380.000000 -0.768540 
381.000000 -0.768378 
382.000000 -0.768021 
383.000000 -0.767566 
384.000000 -0.767138 
385.000000 -0.766861 
386.000000 -0.766825 
387.000000 -0.767066 
388.000000 -0.767564 
389.000000 -0.768255 
390.000000 -0.769055 
391.000000 -0.769883 
392.000000 -0.770677 
393.000000 -0.771399 
394.000000 -0.772029 
395.000000 -0.772552 
396.000000 -0.772958 
397.000000 -0.773237 
398.000000 -0.773383 
399.000000 -0.773407 
400.000000 -0.773336 
401.000000 -0.773212 
402.000000 -0.773086 
403.000000 -0.773002 
404.000000 -0.772988 
405.000000 -0.773043 
406.000000 -0.773140 
407.000000 -0.773237 
408.000000 -0.773290 
409.000000 -0.773272 
410.000000 -0.773188 
411.000000 -0.773067 
412.000000 -0.772945 
413.000000 -0.772845 
414.000000 -0.772760 
415.000000 -0.772644 
416.000000 -0.772429 
417.000000 -0.772053 
418.000000 -0.771478 
419.000000 -0.770715 
420.000000 -0.769822 
421.000000 -0.768886 
422.000000 -0.768001 
423.000000 -0.767235 
424.000000 -0.766619 
425.000000 -0.766147 
426.000000 -0.765781 
427.000000 -0.765475 
428.000000 -0.765187 
429.000000 -0.764884 
430.000000 -0.764541 
431.000000 -0.764132 
432.000000 -0.763634 
433.000000 -0.763023 
434.000000 -0.762291 
435.000000 -0.761445 
436.000000 -0.760513 
437.000000 -0.759539 
438.000000 -0.758563 
439.000000 -0.757621 
440.000000 -0.756730 
441.000000 -0.755897 
442.000000 -0.755127 
443.000000 -0.754428 
444.000000 -0.753810 
445.000000 -0.753284 
446.000000 -0.752849 
447.000000 -0.752489 
448.000000 -0.752175 
449.000000 -0.751875 
450.000000 -0.751569 
451.000000 -0.751262 
452.000000 -0.750977 
453.000000 -0.750751 
454.000000 -0.750608 
455.000000 -0.750544 
456.000000 -0.750522 
457.000000 -0.750477 
458.000000 -0.750336 
459.000000 -0.750039 
460.000000 -0.749554 
461.000000 -0.748887 
462.000000 -0.748071 
463.000000 -0.747163 
464.000000 -0.746226 
465.000000 -0.745318 
466.000000 -0.744486 
467.000000 -0.743752 
468.000000 -0.743110 
469.000000 -0.742527 
470.000000 -0.741947 
471.000000 -0.741310 
472.000000 -0.740574 
473.000000 -0.739731 
474.000000 -0.738813 
475.000000 -0.737884 
476.000000 -0.737019 
477.000000 -0.736284 
478.000000 -0.735719 
479.000000 -0.735336 
480.000000 -0.735127 
481.000000 -0.735073 
482.000000 -0.735149 
483.000000 -0.735321 
484.000000 -0.735547 
485.000000 -0.735770 
486.000000 -0.735928 
487.000000 -0.735965 
488.000000 -0.735843 
489.000000 -0.735557 
490.000000 -0.735134 
491.000000 -0.734625 
492.000000 -0.734090 
493.000000 -0.733576 
494.000000 -0.733112 
495.000000 -0.732697 
496.000000 -0.732311 
497.000000 -0.731928 
498.000000 -0.731528 
499.000000 -0.731107 
500.000000 -0.730677 
501.000000 -0.730260 
502.000000 -0.729883 
503.000000 -0.729567 
504.000000 -0.729327 
505.000000 -0.729166 
506.000000 -0.729082 
507.000000 -0.729060 
508.000000 -0.729087 
509.000000 -0.729145 
510.000000 -0.729220 
511.000000 -0.729302 
512.000000 -0.729383 
513.000000 -0.729461 
514.000000 -0.729538 
515.000000 -0.729628 
516.000000 -0.729753 
517.000000 -0.729943 
518.000000 -0.730227 
519.000000 -0.730627 
520.000000 -0.731145 
521.000000 -0.731761 
522.000000 -0.732437 
523.000000 -0.733134 
524.000000 -0.733830 
525.000000 -0.734536 
526.000000 -0.735295 
527.000000 -0.736168 
528.000000 -0.737207 
529.000000 -0.738426 
530.000000 -0.739794 
531.000000 -0.741233 
532.000000 -0.742647 
533.000000 -0.743949 
534.000000 -0.745088 
535.000000 -0.746065 
536.000000 -0.746922 
537.000000 -0.747724 
538.000000 -0.748524 
539.000000 -0.749347 
540.000000 -0.750180 
541.000000 -0.750982 
542.000000 -0.751706 
543.000000 -0.752318 
544.000000 -0.752810 
545.000000 -0.753195 
546.000000 -0.753503 
547.000000 -0.753758 
548.000000 -0.753978 
549.000000 -0.754170 
550.000000 -0.754340 
551.000000 -0.754508 
552.000000 -0.754714 
553.000000 -0.755017 
554.000000 -0.755484 
555.000000 -0.756166 
556.000000 -0.757081 
557.000000 -0.758206 
558.000000 -0.759483 
559.000000 -0.760837 
560.000000 -0.762199 
561.000000 -0.763526 
562.000000 -0.764804 
563.000000 -0.766044 
564.000000 -0.767260 
565.000000 -0.768449 
566.000000 -0.769588 
567.000000 -0.770632 
568.000000 -0.771540 
569.000000 -0.772294 
570.000000 -0.772919 
571.000000 -0.773490 
572.000000 -0.774111 
573.000000 -0.774887 
574.000000 -0.775894 
575.000000 -0.777150 
576.000000 -0.778617 
577.000000 -0.780213 
578.000000 -0.781844 
579.000000 -0.783435 
580.000000 -0.784953 
581.000000 -0.786401 
582.000000 -0.787810 
583.000000 -0.789205 
584.000000 -0.790586 
585.000000 -0.791924 
586.000000 -0.793166 
587.000000 -0.794258 
588.000000 -0.795174 
589.000000 -0.795930 
590.000000 -0.796587 
591.000000 -0.797232 
592.000000 -0.797957 
593.000000 -0.798831 
594.000000 -0.799888 
595.000000 -0.801124 
596.000000 -0.802505 
597.000000 -0.803987 
598.000000 -0.805525 
599.000000 -0.807087 
600.000000 -0.808654 
601.000000 -0.810210 
602.000000 -0.811744 
603.000000 -0.813245 
604.000000 -0.814699 
605.000000 -0.816097 
606.000000 -0.817431 
607.000000 -0.818693 
608.000000 -0.819873 
609.000000 -0.820951 
610.000000 -0.821903 
611.000000 -0.822699 
612.000000 -0.823314 
613.000000 -0.823740 
614.000000 -0.823990 
615.000000 -0.824102 
616.000000 -0.824131 
617.000000 -0.824130 
618.000000 -0.824134 
619.000000 -0.824151 
620.000000 -0.824154 
621.000000 -0.824099 
622.000000 -0.823943 
623.000000 -0.823665 
624.000000 -0.823273 
625.000000 -0.822799 
626.000000 -0.822281 
627.000000 -0.821745 
628.000000 -0.821190 
629.000000 -0.820593 
630.000000 -0.819914 
631.000000 -0.819118 
632.000000 -0.818196 
633.000000 -0.817171 
634.000000 -0.816099 
635.000000 -0.815059 
636.000000 -0.814124 
637.000000 -0.813349 
638.000000 -0.812755 
639.000000 -0.812337 
640.000000 -0.812067 
641.000000 -0.811919 
642.000000 -0.811868 
643.000000 -0.811896 
644.000000 -0.811978 
645.000000 -0.812081 
646.000000 -0.812157 
647.000000 -0.812155 
648.000000 -0.812027 
649.000000 -0.811757 
650.000000 -0.811360 
651.000000 -0.810891 
652.000000 -0.810429 
653.000000 -0.810053 
654.000000 -0.809821 
655.000000 -0.809747 
656.000000 -0.809803 
657.000000 -0.809932 
658.000000 -0.810071 
659.000000 -0.810171 
660.000000 -0.810211 
661.000000 -0.810198 
662.000000 -0.810152 
663.000000 -0.810098 
664.000000 -0.810053 
665.000000 -0.810030 
666.000000 -0.810036 
667.000000 -0.810086 
668.000000 -0.810201 
669.000000 -0.810412 
670.000000 -0.810759 
671.000000 -0.811279 
672.000000 -0.812005 
673.000000 -0.812946 
674.000000 -0.814087 
675.000000 -0.815377 
676.000000 -0.816739 
677.000000 -0.818076 
678.000000 -0.819286 
679.000000 -0.820284 
680.000000 -0.821006 
681.000000 -0.821427 
682.000000 -0.821560 
683.000000 -0.821454 
684.000000 -0.821189 
685.000000 -0.820866 
686.000000 -0.820583 
687.000000 -0.820428 
688.000000 -0.820456 
689.000000 -0.820683 
690.000000 -0.821088 
691.000000 -0.821618 
692.000000 -0.822211 
693.000000 -0.822819 
694.000000 -0.823427 
695.000000 -0.824060 
696.000000 -0.824772 
697.000000 -0.825625 
698.000000 -0.826664 
699.000000 -0.827889 
700.000000 -0.829255 
701.000000 -0.830675 
702.000000 -0.832049 
703.000000 -0.833288 
704.000000 -0.834349 
705.000000 -0.835238 
706.000000 -0.836005 
707.000000 -0.836727 
708.000000 -0.837481 
709.000000 -0.838314 
710.000000 -0.839243 
711.000000 -0.840254 
712.000000 -0.841322 
713.000000 -0.842436 
714.000000 -0.843605 
715.000000 -0.844855 
716.000000 -0.846205 
717.000000 -0.847646 
718.000000 -0.849118 
719.000000 -0.850517 
720.000000 -0.851712 
721.000000 -0.852591 
722.000000 -0.853090 
723.000000 -0.853220 
724.000000 -0.853065 
725.000000 -0.852757 
726.000000 -0.852437 
727.000000 -0.852215 
728.000000 -0.852144 
729.000000 -0.852217 
730.000000 -0.852377 
731.000000 -0.852555 
732.000000 -0.852697 
733.000000 -0.852779 
734.000000 -0.852809 
735.000000 -0.852811 
736.000000 -0.852799 
737.000000 -0.852764 
738.000000 -0.852674 
739.000000 -0.852480 
740.000000 -0.852151 
741.000000 -0.851685 
742.000000 -0.851121 
743.000000 -0.850529 
744.000000 -0.849982 
745.000000 -0.849533 
746.000000 -0.849190 
747.000000 -0.848919 
748.000000 -0.848664 
749.000000 -0.848370 
750.000000 -0.848015 
751.000000 -0.847615 
752.000000 -0.847217 
753.000000 -0.846874 
754.000000 -0.846622 
755.000000 -0.846464 
756.000000 -0.846370 
757.000000 -0.846294 
758.000000 -0.846195 
759.000000 -0.846062 
760.000000 -0.845913 
761.000000 -0.845792 
762.000000 -0.845741 
763.000000 -0.845780 
764.000000 -0.845901 
765.000000 -0.846066 
766.000000 -0.846232 
767.000000 -0.846366 
768.000000 -0.846458 
769.000000 -0.846518 
770.000000 -0.846564 
771.000000 -0.846607 
772.000000 -0.846645 
773.000000 -0.846665 
774.000000 -0.846651 
775.000000 -0.846596 
776.000000 -0.846514 
777.000000 -0.846434 
778.000000 -0.846398 
779.000000 -0.846443 
780.000000 -0.846594 
781.000000 -0.846856 
782.000000 -0.847213 
783.000000 -0.847631 
784.000000 -0.848071 
785.000000 -0.848494 
786.000000 -0.848864 
787.000000 -0.849155 
788.000000 -0.849352 
789.000000 -0.849446 
790.000000 -0.849434 
791.000000 -0.849316 
792.000000 -0.849093 
793.000000 -0.848770 
794.000000 -0.848359 
795.000000 -0.847878 
796.000000 -0.847361 
797.000000 -0.846851 
798.000000 -0.846400 
799.000000 -0.846061 
800.000000 -0.845881 
801.000000 -0.845893 
802.000000 -0.846108 
803.000000 -0.846513 
804.000000 -0.847068 
805.000000 -0.847712 
806.000000 -0.848370 
807.000000 -0.848972 
808.000000 -0.849461 
809.000000 -0.849805 
810.000000 -0.850005 
811.000000 -0.850087 
812.000000 -0.850095 
813.000000 -0.850079 
814.000000 -0.850084 
815.000000 -0.850140 
816.000000 -0.850270 
817.000000 -0.850488 
818.000000 -0.850810 
819.000000 -0.851248 
820.000000 -0.851814 
821.000000 -0.852505 
822.000000 -0.853302 
823.000000 -0.854169 
824.000000 -0.855053 
825.000000 -0.855902 
826.000000 -0.856667 
827.000000 -0.857310 
828.000000 -0.857815 
829.000000 -0.858179 
830.000000 -0.858411 
831.000000 -0.858528 
832.000000 -0.858546 
833.000000 -0.858481 
834.000000 -0.858351 
835.000000 -0.858175 
836.000000 -0.857981 
837.000000 -0.857797 
838.000000 -0.857646 
839.000000 -0.857541 
840.000000 -0.857478 
841.000000 -0.857434 
842.000000 -0.857379 
843.000000 -0.857285 
844.000000 -0.857143 
845.000000 -0.856970 
846.000000 -0.856808 
847.000000 -0.856713 
848.000000 -0.856739 
849.000000 -0.856926 
850.000000 -0.857289 
851.000000 -0.857822 
852.000000 -0.858507 
853.000000 -0.859318 
854.000000 -0.860227 
855.000000 -0.861205 
856.000000 -0.862212 
857.000000 -0.863197 
858.000000 -0.864103 
859.000000 -0.864875 
860.000000 -0.865473 
861.000000 -0.865885 
862.000000 -0.866127 
863.000000 -0.866235 
864.000000 -0.866252 
865.000000 -0.866216 
866.000000 -0.866145 
867.000000 -0.866045 
868.000000 -0.865914 
869.000000 -0.865756 
870.000000 -0.865589 
871.000000 -0.865444 
872.000000 -0.865356 
873.000000 -0.865350 
874.000000 -0.865419 
875.000000 -0.865522 
876.000000 -0.865582 
877.000000 -0.865508 
878.000000 -0.865217 
879.000000 -0.864655 
880.000000 -0.863810 
881.000000 -0.862713 
882.000000 -0.861424 
883.000000 -0.860019 
884.000000 -0.858579 
885.000000 -0.857178 
886.000000 -0.855879 
887.000000 -0.854730 
888.000000 -0.853755 
889.000000 -0.852954 
890.000000 -0.852301 
891.000000 -0.851752 
892.000000 -0.851257 
893.000000 -0.850780 
894.000000 -0.850313 
895.000000 -0.849884 
896.000000 -0.849549 
897.000000 -0.849375 
898.000000 -0.849421 
899.000000 -0.849714 
900.000000 -0.850248 
901.000000 -0.850988 
902.000000 -0.851889 
903.000000 -0.852913 
904.000000 -0.854039 
905.000000 -0.855259 
906.000000 -0.856569 
907.000000 -0.857949 
908.000000 -0.859364 
909.000000 -0.860762 
910.000000 -0.862092 
911.000000 -0.863323 
912.000000 -0.864454 
913.000000 -0.865521 
914.000000 -0.866583 
915.000000 -0.867699 
916.000000 -0.868914 
917.000000 -0.870241 
918.000000 -0.871660 
919.000000 -0.873130 
920.000000 -0.874603 
921.000000 -0.876041 
922.000000 -0.877424 
923.000000 -0.878749 
924.000000 -0.880024 
925.000000 -0.881261 
926.000000 -0.882467 
927.000000 -0.883652 
928.000000 -0.884829 
929.000000 -0.886017 
930.000000 -0.887244 
931.000000 -0.888542 
932.000000 -0.889938 
933.000000 -0.891447 
934.000000 -0.893061 
935.000000 -0.894752 
936.000000 -0.896470 
937.000000 -0.898162 
938.000000 -0.899778 
939.000000 -0.901281 
940.000000 -0.902647 
941.000000 -0.903866 
942.000000 -0.904935 
943.000000 -0.905856 
944.000000 -0.906635 
945.000000 -0.907276 
946.000000 -0.907786 
947.000000 -0.908174 
948.000000 -0.908463 
949.000000 -0.908683 
950.000000 -0.908876 
951.000000 -0.909090 
952.000000 -0.909366 
953.000000 -0.909741 
954.000000 -0.910241 
955.000000 -0.910888 
956.000000 -0.911699 
957.000000 -0.912689 
958.000000 -0.913867 
959.000000 -0.915227 
960.000000 -0.916748 
961.000000 -0.918396 
962.000000 -0.920129 
963.000000 -0.921910 
964.000000 -0.923718 
965.000000 -0.925545 
966.000000 -0.927395 
967.000000 -0.929264 
968.000000 -0.931136 
969.000000 -0.932970 
970.000000 -0.934712 
971.000000 -0.936307 
972.000000 -0.937720 
973.000000 -0.938944 
974.000000 -0.940003 
975.000000 -0.940942 
976.000000 -0.941805 
977.000000 -0.942623 
978.000000 -0.943405 
979.000000 -0.944143 
980.000000 -0.944832 
981.000000 -0.945486 
982.000000 -0.946155 
983.000000 -0.946921 
984.000000 -0.947871 
985.000000 -0.949069 
986.000000 -0.950523 
987.000000 -0.952173 
988.000000 -0.953911 
989.000000 -0.955612 
990.000000 -0.957171 
991.000000 -0.958534 
992.000000 -0.959697 
993.000000 -0.960696 
994.000000 -0.961574 
995.000000 -0.962363 
996.000000 -0.963069 
997.000000 -0.963680 
998.000000 -0.964181 
999.000000 -0.964571 
1000.000000 -0.964875 
1001.000000 -0.965137 
1002.000000 -0.965403 
1003.000000 -0.965697 
1004.000000 -0.966001 
1005.000000 -0.966260 
1006.000000 -0.966397 
1007.000000 -0.966343 
1008.000000 -0.966069 
1009.000000 -0.965600 
1010.000000 -0.965007 
1011.000000 -0.964385 
1012.000000 -0.963823 
1013.000000 -0.963381 
1014.000000 -0.963077 
1015.000000 -0.962899 
1016.000000 -0.962818 
1017.000000 -0.962805 
1018.000000 -0.962845 
1019.000000 -0.962939 
1020.000000 -0.963093 
1021.000000 -0.963318 
1022.000000 -0.963610 
1023.000000 -0.963958 
1024.000000 -0.964340 
1025.000000 -0.964736 
1026.000000 -0.965136 
1027.000000 -0.965539 
1028.000000 -0.965948 
1029.000000 -0.966365 
1030.000000 -0.966778 
1031.000000 -0.967166 
1032.000000 -0.967504 
1033.000000 -0.967778 
1034.000000 -0.967997 
1035.000000 -0.968193 
1036.000000 -0.968413 
1037.000000 -0.968700 
1038.000000 -0.969082 
1039.000000 -0.969560 
1040.000000 -0.970113 
1041.000000 -0.970710 
1042.000000 -0.971328 
1043.000000 -0.971960 
1044.000000 -0.972619 
1045.000000 -0.973330 
1046.000000 -0.974115 
1047.000000 -0.974982 
1048.000000 -0.975916 
1049.000000 -0.976885 
1050.000000 -0.977847 
1051.000000 -0.978762 
1052.000000 -0.979602 
1053.000000 -0.980357 
1054.000000 -0.981030 
1055.000000 -0.981632 
1056.000000 -0.982171 
1057.000000 -0.982640 
1058.000000 -0.983012 
1059.000000 -0.983243 
1060.000000 -0.983285 
1061.000000 -0.983094 
1062.000000 -0.982655 
1063.000000 -0.981984 
1064.000000 -0.981128 
1065.000000 -0.980158 
1066.000000 -0.979147 
1067.000000 -0.978153 
1068.000000 -0.977208 
1069.000000 -0.976322 
1070.000000 -0.975482 
1071.000000 -0.974673 
1072.000000 -0.973886 
1073.000000 -0.973124 
1074.000000 -0.972402 
1075.000000 -0.971742 
1076.000000 -0.971159 
1077.000000 -0.970659 
1078.000000 -0.970236 
1079.000000 -0.969870 
1080.000000 -0.969533 
1081.000000 -0.969194 
1082.000000 -0.968820 
1083.000000 -0.968378 
1084.000000 -0.967838 
1085.000000 -0.967179 
1086.000000 -0.966391 
1087.000000 -0.965488 
1088.000000 -0.964505 
1089.000000 -0.963504 
1090.000000 -0.962557 
1091.000000 -0.961738 
1092.000000 -0.961099 
1093.000000 -0.960663 
1094.000000 -0.960412 
1095.000000 -0.960298 
1096.000000 -0.960258 
1097.000000 -0.960233 
1098.000000 -0.960185 
1099.000000 -0.960104 
1100.000000 -0.960001 
1101.000000 -0.959894 
1102.000000 -0.959797 
1103.000000 -0.959717 
1104.000000 -0.959652 
1105.000000 -0.959607 
1106.000000 -0.959593 
1107.000000 -0.959634 
1108.000000 -0.959758 
1109.000000 -0.959988 
1110.000000 -0.960331 
1111.000000 -0.960782 
1112.000000 -0.961320 
1113.000000 -0.961916 
1114.000000 -0.962542 
1115.000000 -0.963169 
1116.000000 -0.963767 
1117.000000 -0.964305 
1118.000000 -0.964747 
1119.000000 -0.965057 
1120.000000 -0.965212 
1121.000000 -0.965207 
1122.000000 -0.965062 
1123.000000 -0.964823 
1124.000000 -0.964547 
1125.000000 -0.964288 
1126.000000 -0.964079 
1127.000000 -0.963931 
1128.000000 -0.963834 
1129.000000 -0.963764 
1130.000000 -0.963692 
1131.000000 -0.963595 
1132.000000 -0.963447 
1133.000000 -0.963226 
1134.000000 -0.962911 
1135.000000 -0.962485 
1136.000000 -0.961943 
1137.000000 -0.961290 
1138.000000 -0.960544 
1139.000000 -0.959724 
1140.000000 -0.958844 
1141.000000 -0.957902 
1142.000000 -0.956884 
1143.000000 -0.955769 
1144.000000 -0.954548 
1145.000000 -0.953229 
1146.000000 -0.951844 
1147.000000 -0.950446 
1148.000000 -0.949088 
1149.000000 -0.947813 
1150.000000 -0.946637 
1151.000000 -0.945543 
1152.000000 -0.944487 
1153.000000 -0.943410 
1154.000000 -0.942252 
1155.000000 -0.940968 
1156.000000 -0.939535 
1157.000000 -0.937961 
1158.000000 -0.936278 
1159.000000 -0.934545 
1160.000000 -0.932827 
1161.000000 -0.931190 
1162.000000 -0.929679 
1163.000000 -0.928317 
1164.000000 -0.927103 
1165.000000 -0.926012 
1166.000000 -0.925007 
1167.000000 -0.924043 
1168.000000 -0.923074 
1169.000000 -0.922057 
1170.000000 -0.920952 
1171.000000 -0.919734 
1172.000000 -0.918391 
1173.000000 -0.916929 
1174.000000 -0.915373 
1175.000000 -0.913765 
1176.000000 -0.912157 
1177.000000 -0.910605 
1178.000000 -0.909158 
1179.000000 -0.907848 
1180.000000 -0.906695 
1181.000000 -0.905699 
1182.000000 -0.904853 
1183.000000 -0.904149 
1184.000000 -0.903580 
1185.000000 -0.903139 
1186.000000 -0.902810 
1187.000000 -0.902565 
1188.000000 -0.902357 
1189.000000 -0.902131 
1190.000000 -0.901836 
1191.000000 -0.901443 
1192.000000 -0.900951 
1193.000000 -0.900385 
1194.000000 -0.899785 
1195.000000 -0.899183 
1196.000000 -0.898593 
1197.000000 -0.898003 
1198.000000 -0.897385 
1199.000000 -0.896708 
1200.000000 -0.895966 
1201.000000 -0.895181 
1202.000000 -0.894405 
1203.000000 -0.893699 
1204.000000 -0.893112 
1205.000000 -0.892656 
1206.000000 -0.892306 
1207.000000 -0.892006 
1208.000000 -0.891696 
1209.000000 -0.891337 
1210.000000 -0.890921 
1211.000000 -0.890471 
1212.000000 -0.890021 
1213.000000 -0.889599 
1214.000000 -0.889205 
1215.000000 -0.888809 
1216.000000 -0.888362 
1217.000000 -0.887816 
1218.000000 -0.887145 
1219.000000 -0.886354 
1220.000000 -0.885478 
1221.000000 -0.884565 
1222.000000 -0.883659 
1223.000000 -0.882782 
1224.000000 -0.881931 
1225.000000 -0.881083 
1226.000000 -0.880215 
1227.000000 -0.879310 
1228.000000 -0.878372 
1229.000000 -0.877419 
1230.000000 -0.876477 
1231.000000 -0.875567 
1232.000000 -0.874705 
1233.000000 -0.873894 
1234.000000 -0.873136 
1235.000000 -0.872431 
1236.000000 -0.871778 
1237.000000 -0.871175 
1238.000000 -0.870608 
1239.000000 -0.870048 
1240.000000 -0.869444 
1241.000000 -0.868736 
1242.000000 -0.867868 
1243.000000 -0.866803 
1244.000000 -0.865542 
1245.000000 -0.864126 
1246.000000 -0.862623 
1247.000000 -0.861108 
1248.000000 -0.859644 
1249.000000 -0.858263 
1250.000000 -0.856969 
1251.000000 -0.855749 
1252.000000 -0.854583 
1253.000000 -0.853460 
1254.000000 -0.852374 
1255.000000 -0.851322 
1256.000000 -0.850290 
1257.000000 -0.849256 
1258.000000 -0.848189 
1259.000000 -0.847060 
1260.000000 -0.845860 
1261.000000 -0.844605 
1262.000000 -0.843334 
1263.000000 -0.842099 
1264.000000 -0.840944 
1265.000000 -0.839887 
1266.000000 -0.838924 
1267.000000 -0.838037 
1268.000000 -0.837212 
1269.000000 -0.836457 
1270.000000 -0.835809 
1271.000000 -0.835320 
1272.000000 -0.835036 
1273.000000 -0.834973 
1274.000000 -0.835102 
1275.000000 -0.835351 
1276.000000 -0.835622 
1277.000000 -0.835817 
1278.000000 -0.835863 
1279.000000 -0.835728 
1280.000000 -0.835424 
1281.000000 -0.834996 
1282.000000 -0.834507 
1283.000000 -0.834014 
1284.000000 -0.833560 
1285.000000 -0.833164 
1286.000000 -0.832826 
1287.000000 -0.832539 
1288.000000 -0.832297 
1289.000000 -0.832110 
1290.000000 -0.832003 
1291.000000 -0.832011 
1292.000000 -0.832164 
1293.000000 -0.832474 
1294.000000 -0.832921 
1295.000000 -0.833462 
1296.000000 -0.834038 
1297.000000 -0.834592 
1298.000000 -0.835079 
1299.000000 -0.835476 
1300.000000 -0.835782 
1301.000000 -0.836006 
1302.000000 -0.836161 
1303.000000 -0.836254 
1304.000000 -0.836282 
1305.000000 -0.836230 
1306.000000 -0.836076 
1307.000000 -0.835806 
1308.000000 -0.835420 
1309.000000 -0.834940 
1310.000000 -0.834414 
1311.000000 -0.833908 
1312.000000 -0.833492 
1313.000000 -0.833227 
1314.000000 -0.833149 
1315.000000 -0.833264 
1316.000000 -0.833544 
1317.000000 -0.833941 
1318.000000 -0.834401 
1319.000000 -0.834876 
1320.000000 -0.835340 
1321.000000 -0.835792 
1322.000000 -0.836259 
1323.000000 -0.836787 
1324.000000 -0.837434 
1325.000000 -0.838251 
1326.000000 -0.839274 
1327.000000 -0.840503 
1328.000000 -0.841899 
1329.000000 -0.843385 
1330.000000 -0.844862 
1331.000000 -0.846225 
1332.000000 -0.847394 
1333.000000 -0.848328 
1334.000000 -0.849033 
1335.000000 -0.849558 
1336.000000 -0.849967 
1337.000000 -0.850325 
1338.000000 -0.850668 
1339.000000 -0.850999 
1340.000000 -0.851291 
1341.000000 -0.851505 
1342.000000 -0.851610 
1343.000000 -0.851601 
1344.000000 -0.851503 
1345.000000 -0.851375 
1346.000000 -0.851290 
1347.000000 -0.851320 
1348.000000 -0.851515 
1349.000000 -0.851889 
1350.000000 -0.852418 
1351.000000 -0.853048 
1352.000000 -0.853714 
1353.000000 -0.854354 
1354.000000 -0.854930 
1355.000000 -0.855426 
1356.000000 -0.855839 
1357.000000 -0.856174 
1358.000000 -0.856428 
1359.000000 -0.856592 
1360.000000 -0.856653 
1361.000000 -0.856604 
1362.000000 -0.856452 
1363.000000 -0.856216 
1364.000000 -0.855927 
1365.000000 -0.855621 
1366.000000 -0.855338 
1367.000000 -0.855116 
1368.000000 -0.854994 
1369.000000 -0.855011 
1370.000000 -0.855200 
1371.000000 -0.855583 
1372.000000 -0.856156 
1373.000000 -0.856891 
1374.000000 -0.857728 
1375.000000 -0.858591 
1376.000000 -0.859404 
1377.000000 -0.860110 
1378.000000 -0.860683 
1379.000000 -0.861137 
1380.000000 -0.861510 
1381.000000 -0.861849 
1382.000000 -0.862192 
1383.000000 -0.862556 
1384.000000 -0.862940 
1385.000000 -0.863334 
1386.000000 -0.863733 
1387.000000 -0.864150 
1388.000000 -0.864614 
1389.000000 -0.865168 
1390.000000 -0.865853 
1391.000000 -0.866697 
1392.000000 -0.867704 
1393.000000 -0.868850 
1394.000000 -0.870090 
1395.000000 -0.871367 
1396.000000 -0.872622 
1397.000000 -0.873809 
1398.000000 -0.874887 
1399.000000 -0.875832 
1400.000000 -0.876623 
1401.000000 -0.877250 
1402.000000 -0.877714 
1403.000000 -0.878027 
1404.000000 -0.878220 
1405.000000 -0.878337 
1406.000000 -0.878429 
1407.000000 -0.878543 
1408.000000 -0.878709 
1409.000000 -0.878938 
1410.000000 -0.879224 
1411.000000 -0.879549 
1412.000000 -0.879893 
1413.000000 -0.880242 
1414.000000 -0.880598 
1415.000000 -0.880978 
1416.000000 -0.881410 
1417.000000 -0.881927 
1418.000000 -0.882553 
1419.000000 -0.883295 
1420.000000 -0.884138 
1421.000000 -0.885044 
1422.000000 -0.885967 
1423.000000 -0.886862 
1424.000000 -0.887699 
1425.000000 -0.888465 
1426.000000 -0.889166 
1427.000000 -0.889813 
1428.000000 -0.890423 
1429.000000 -0.891008 
1430.000000 -0.891585 
1431.000000 -0.892174 
1432.000000 -0.892805 
1433.000000 -0.893511 
1434.000000 -0.894318 
1435.000000 -0.895236 
1436.000000 -0.896252 
1437.000000 -0.897324 
1438.000000 -0.898392 
1439.000000 -0.899387 
1440.000000 -0.900249 
1441.000000 -0.900934 
1442.000000 -0.901422 
1443.000000 -0.901714 
1444.000000 -0.901834 
1445.000000 -0.901819 
1446.000000 -0.901722 
1447.000000 -0.901607 
1448.000000 -0.901543 
1449.000000 -0.901602 
1450.000000 -0.901844 
1451.000000 -0.902304 
1452.000000 -0.902983 
1453.000000 -0.903843 
1454.000000 -0.904808 
1455.000000 -0.905782 
1456.000000 -0.906661 
1457.000000 -0.907360 
1458.000000 -0.907825 
1459.000000 -0.908046 
1460.000000 -0.908049 
1461.000000 -0.907889 
1462.000000 -0.907634 
1463.000000 -0.907347 
1464.000000 -0.907086 
1465.000000 -0.906904 
1466.000000 -0.906851 
1467.000000 -0.906970 
1468.000000 -0.907287 
1469.000000 -0.907800 
1470.000000 -0.908469 
1471.000000 -0.909225 
1472.000000 -0.909990 
1473.000000 -0.910705 
1474.000000 -0.911349 
1475.000000 -0.911937 
1476.000000 -0.912509 
1477.000000 -0.913099 
1478.000000 -0.913711 
1479.000000 -0.914311 
1480.000000 -0.914835 
1481.000000 -0.915222 
1482.000000 -0.915435 
1483.000000 -0.915488 
1484.000000 -0.915438 
1485.000000 -0.915370 
1486.000000 -0.915360 
1487.000000 -0.915449 
1488.000000 -0.915633 
1489.000000 -0.915863 
1490.000000 -0.916073 
1491.000000 -0.916209 
1492.000000 -0.916252 
1493.000000 -0.916230 
1494.000000 -0.916205 
1495.000000 -0.916249 
1496.000000 -0.916414 
1497.000000 -0.916718 
1498.000000 -0.917134 
1499.000000 -0.917606 
1500.000000 -0.918079 
1501.000000 -0.918520 
1502.000000 -0.918937 
1503.000000 -0.919376 
1504.000000 -0.919901 
1505.000000 -0.920564 
1506.000000 -0.921379 
1507.000000 -0.922313 
1508.000000 -0.923289 
1509.000000 -0.924214 
1510.000000 -0.925004 
1511.000000 -0.925605 
1512.000000 -0.926002 
1513.000000 -0.926210 
1514.000000 -0.926254 
1515.000000 -0.926158 
1516.000000 -0.925935 
1517.000000 -0.925593 
1518.000000 -0.925149 
1519.000000 -0.924638 
1520.000000 -0.924121 
1521.000000 -0.923680 
1522.000000 -0.923395 
1523.000000 -0.923329 
1524.000000 -0.923501 
1525.000000 -0.923880 
1526.000000 -0.924388 
1527.000000 -0.924908 
1528.000000 -0.925316 
1529.000000 -0.925504 
1530.000000 -0.925405 
1531.000000 -0.925009 
1532.000000 -0.924355 
1533.000000 -0.923512 
1534.000000 -0.922549 
1535.000000 -0.921512 
1536.000000 -0.920411 
1537.000000 -0.919233 
1538.000000 -0.917958 
1539.000000 -0.916582 
1540.000000 -0.915138 
1541.000000 -0.913688 
1542.000000 -0.912309 
1543.000000 -0.911063 
1544.000000 -0.909972 
1545.000000 -0.909010 
1546.000000 -0.908107 
1547.000000 -0.907178 
1548.000000 -0.906156 
1549.000000 -0.905014 
1550.000000 -0.903774 
1551.000000 -0.902493 
1552.000000 -0.901236 
1553.000000 -0.900048 
1554.000000 -0.898936 
1555.000000 -0.897877 
1556.000000 -0.896827 
1557.000000 -0.895748 
1558.000000 -0.894626 
1559.000000 -0.893477 
1560.000000 -0.892338 
1561.000000 -0.891252 
1562.000000 -0.890249 
1563.000000 -0.889328 
1564.000000 -0.888460 
1565.000000 -0.887596 
1566.000000 -0.886679 
1567.000000 -0.885667 
1568.000000 -0.884538 
1569.000000 -0.883298 
1570.000000 -0.881970 
1571.000000 -0.880592 
1572.000000 -0.879198 
1573.000000 -0.877819 
1574.000000 -0.876476 
1575.000000 -0.875184 
1576.000000 -0.873958 
1577.000000 -0.872816 
1578.000000 -0.871780 
1579.000000 -0.870873 
1580.000000 -0.870117 
1581.000000 -0.869531 
1582.000000 -0.869127 
1583.000000 -0.868903 
1584.000000 -0.868842 
1585.000000 -0.868909 
1586.000000 -0.869051 
1587.000000 -0.869213 
1588.000000 -0.869348 
1589.000000 -0.869437 
1590.000000 -0.869490 
1591.000000 -0.869547 
1592.000000 -0.869654 
1593.000000 -0.869844 
1594.000000 -0.870123 
1595.000000 -0.870463 
1596.000000 -0.870818 
1597.000000 -0.871146 
1598.000000 -0.871423 
1599.000000 -0.871655 
1600.000000 -0.871869 
1601.000000 -0.872094 
1602.000000 -0.872338 
1603.000000 -0.872579 
1604.000000 -0.872766 
1605.000000 -0.872843 
1606.000000 -0.872771 
1607.000000 -0.872550 
1608.000000 -0.872228 
1609.000000 -0.871881 
1610.000000 -0.871591 
1611.000000 -0.871418 
1612.000000 -0.871381 
1613.000000 -0.871455 
1614.000000 -0.871580 
1615.000000 -0.871687 
1616.000000 -0.871723 
1617.000000 -0.871661 
1618.000000 -0.871510 
1619.000000 -0.871302 
1620.000000 -0.871075 
1621.000000 -0.870860 
1622.000000 -0.870670 
1623.000000 -0.870500 
1624.000000 -0.870344 
1625.000000 -0.870197 
1626.000000 -0.870068 
1627.000000 -0.869978 
1628.000000 -0.869952 
1629.000000 -0.870012 
1630.000000 -0.870173 
1631.000000 -0.870437 
1632.000000 -0.870791 
1633.000000 -0.871213 
1634.000000 -0.871672 
1635.000000 -0.872126 
1636.000000 -0.872534 
1637.000000 -0.872848 
1638.000000 -0.873026 
1639.000000 -0.873036 
1640.000000 -0.872863 
1641.000000 -0.872515 
1642.000000 -0.872026 
1643.000000 -0.871454 
1644.000000 -0.870871 
1645.000000 -0.870352 
1646.000000 -0.869953 
1647.000000 -0.869704 
1648.000000 -0.869604 
1649.000000 -0.869624 
1650.000000 -0.869723 
1651.000000 -0.869858 
1652.000000 -0.869992 
1653.000000 -0.870103 
1654.000000 -0.870179 
1655.000000 -0.870216 
1656.000000 -0.870214 
1657.000000 -0.870169 
1658.000000 -0.870077 
1659.000000 -0.869930 
1660.000000 -0.869724 
1661.000000 -0.869446 
1662.000000 -0.869078 
1663.000000 -0.868595 
1664.000000 -0.867966 
1665.000000 -0.867171 
1666.000000 -0.866208 
1667.000000 -0.865110 
1668.000000 -0.863938 
1669.000000 -0.862779 
1670.000000 -0.861726 
1671.000000 -0.860850 
1672.000000 -0.860183 
1673.000000 -0.859712 
1674.000000 -0.859383 
1675.000000 -0.859116 
1676.000000 -0.858831 
1677.000000 -0.858460 
1678.000000 -0.857956 
1679.000000 -0.857296 
1680.000000 -0.856471 
1681.000000 -0.855485 
1682.000000 -0.854352 
1683.000000 -0.853098 
1684.000000 -0.851754 
1685.000000 -0.850350 
1686.000000 -0.848907 
1687.000000 -0.847425 
1688.000000 -0.845884 
1689.000000 -0.844251 
1690.000000 -0.842494 
1691.000000 -0.840599 
1692.000000 -0.838585 
1693.000000 -0.836499 
1694.000000 -0.834410 
1695.000000 -0.832386 
1696.000000 -0.830470 
1697.000000 -0.828673 
1698.000000 -0.826979 
1699.000000 -0.825360 
1700.000000 -0.823802 
1701.000000 -0.822323 
1702.000000 -0.820967 
1703.000000 -0.819789 
1704.000000 -0.818823 
1705.000000 -0.818064 
1706.000000 -0.817461 
1707.000000 -0.816935 
1708.000000 -0.816400 
1709.000000 -0.815795 
1710.000000 -0.815093 
1711.000000 -0.814300 
1712.000000 -0.813443 
1713.000000 -0.812546 
1714.000000 -0.811621 
1715.000000 -0.810660 
1716.000000 -0.809650 
1717.000000 -0.808580 
1718.000000 -0.807453 
1719.000000 -0.806289 
1720.000000 -0.805115 
1721.000000 -0.803960 
1722.000000 -0.802842 
1723.000000 -0.801766 
1724.000000 -0.800726 
1725.000000 -0.799711 
1726.000000 -0.798715 
1727.000000 -0.797745 
1728.000000 -0.796822 
1729.000000 -0.795979 
1730.000000 -0.795252 
1731.000000 -0.794665 
1732.000000 -0.794222 
1733.000000 -0.793893 
1734.000000 -0.793615 
1735.000000 -0.793305 
1736.000000 -0.792872 
1737.000000 -0.792239 
1738.000000 -0.791356 
1739.000000 -0.790208 
1740.000000 -0.788815 
1741.000000 -0.787223 
1742.000000 -0.785495 
1743.000000 -0.783699 
1744.000000 -0.781903 
1745.000000 -0.780164 
1746.000000 -0.778524 
1747.000000 -0.777013 
1748.000000 -0.775645 
1749.000000 -0.774427 
1750.000000 -0.773359 
1751.000000 -0.772434 
1752.000000 -0.771640 
1753.000000 -0.770954 
1754.000000 -0.770349 
1755.000000 -0.769788 
1756.000000 -0.769237 
1757.000000 -0.768672 
1758.000000 -0.768088 
1759.000000 -0.767507 
1760.000000 -0.766977 
1761.000000 -0.766563 
1762.000000 -0.766337 
1763.000000 -0.766359 
1764.000000 -0.766654 
1765.000000 -0.767207 
1766.000000 -0.767958 
1767.000000 -0.768817 
1768.000000 -0.769685 
1769.000000 -0.770472 
1770.000000 -0.771116 
1771.000000 -0.771586 
1772.000000 -0.771873 
1773.000000 -0.771985 
1774.000000 -0.771931 
1775.000000 -0.771724 
1776.000000 -0.771381 
1777.000000 -0.770941 
1778.000000 -0.770461 
1779.000000 -0.770019 
1780.000000 -0.769693 
1781.000000 -0.769539 
1782.000000 -0.769576 
1783.000000 -0.769769 
1784.000000 -0.770046 
1785.000000 -0.770318 
1786.000000 -0.770510 
1787.000000 -0.770582 
1788.000000 -0.770542 
1789.000000 -0.770430 
1790.000000 -0.770300 
1791.000000 -0.770199 
1792.000000 -0.770146 
1793.000000 -0.770139 
1794.000000 -0.770161 
1795.000000 -0.770201 
1796.000000 -0.770265 
1797.000000 -0.770379 
1798.000000 -0.770578 
1799.000000 -0.770889 
1800.000000 -0.771321 
1801.000000 -0.771851 
1802.000000 -0.772436 
1803.000000 -0.773018 
1804.000000 -0.773549 
1805.000000 -0.774001 
1806.000000 -0.774376 
1807.000000 -0.774704 
1808.000000 -0.775030 
1809.000000 -0.775398 
1810.000000 -0.775843 
1811.000000 -0.776380 
1812.000000 -0.777006 
1813.000000 -0.777702 
1814.000000 -0.778449 
1815.000000 -0.779235 
1816.000000 -0.780065 
1817.000000 -0.780960 
1818.000000 -0.781951 
1819.000000 -0.783065 
1820.000000 -0.784309 
1821.000000 -0.785669 
1822.000000 -0.787101 
1823.000000 -0.788548 
1824.000000 -0.789953 
1825.000000 -0.791273 
1826.000000 -0.792486 
1827.000000 -0.793595 
1828.000000 -0.794617 
1829.000000 -0.795570 
1830.000000 -0.796464 
1831.000000 -0.797302 
1832.000000 -0.798085 
1833.000000 -0.798818 
1834.000000 -0.799514 
1835.000000 -0.800191 
1836.000000 -0.800862 
1837.000000 -0.801524 
1838.000000 -0.802161 
1839.000000 -0.802748 
1840.000000 -0.803267 
1841.000000 -0.803718 
1842.000000 -0.804128 
1843.000000 -0.804543 
1844.000000 -0.805007 
1845.000000 -0.805541 
1846.000000 -0.806128 
1847.000000 -0.806709 
1848.000000 -0.807205 
1849.000000 -0.807550 
1850.000000 -0.807718 
1851.000000 -0.807743 
1852.000000 -0.807705 
1853.000000 -0.807709 
1854.000000 -0.807840 
1855.000000 -0.808138 
1856.000000 -0.808581 
1857.000000 -0.809096 
1858.000000 -0.809594 
1859.000000 -0.809996 
1860.000000 -0.810266 
1861.000000 -0.810414 
1862.000000 -0.810485 
1863.000000 -0.810538 
1864.000000 -0.810625 
1865.000000 -0.810778 
1866.000000 -0.811006 
1867.000000 -0.811298 
1868.000000 -0.811639 
1869.000000 -0.812017 
1870.000000 -0.812432 
1871.000000 -0.812891 
1872.000000 -0.813400 
1873.000000 -0.813955 
1874.000000 -0.814525 
1875.000000 -0.815052 
1876.000000 -0.815462 
1877.000000 -0.815686 
1878.000000 -0.815683 
1879.000000 -0.815460 
1880.000000 -0.815073 
1881.000000 -0.814605 
1882.000000 -0.814150 
1883.000000 -0.813780 
1884.000000 -0.813532 
1885.000000 -0.813412 
1886.000000 -0.813406 
1887.000000 -0.813503 
1888.000000 -0.813710 
1889.000000 -0.814053 
1890.000000 -0.814566 
1891.000000 -0.815276 
1892.000000 -0.816178 
1893.000000 -0.817237 
1894.000000 -0.818392 
1895.000000 -0.819570 
1896.000000 -0.820708 
1897.000000 -0.821769 
1898.000000 -0.822746 
1899.000000 -0.823666 
1900.000000 -0.824577 
1901.000000 -0.825543 
1902.000000 -0.826623 
1903.000000 -0.827857 
1904.000000 -0.829258 
1905.000000 -0.830807 
1906.000000 -0.832459 
1907.000000 -0.834157 
1908.000000 -0.835849 
1909.000000 -0.837499 
1910.000000 -0.839093 
1911.000000 -0.840636 
1912.000000 -0.842141 
1913.000000 -0.843612 
1914.000000 -0.845041 
1915.000000 -0.846400 
1916.000000 -0.847645 
1917.000000 -0.848733 
1918.000000 -0.849635 
1919.000000 -0.850345 
1920.000000 -0.850891 
1921.000000 -0.851324 
1922.000000 -0.851717 
1923.000000 -0.852136 
1924.000000 -0.852631 
1925.000000 -0.853219 
1926.000000 -0.853879 
1927.000000 -0.854561 
1928.000000 -0.855197 
1929.000000 -0.855722 
1930.000000 -0.856093 
1931.000000 -0.856299 
1932.000000 -0.856358 
1933.000000 -0.856312 
1934.000000 -0.856205 
1935.000000 -0.856080 
1936.000000 -0.855964 
1937.000000 -0.855872 
1938.000000 -0.855812 
1939.000000 -0.855788 
1940.000000 -0.855806 
1941.000000 -0.855876 
1942.000000 -0.856014 
1943.000000 -0.856233 
1944.000000 -0.856546 
1945.000000 -0.856962 
1946.000000 -0.857481 
1947.000000 -0.858093 
1948.000000 -0.858777 
1949.000000 -0.859499 
1950.000000 -0.860217 
1951.000000 -0.860887 
1952.000000 -0.861467 
1953.000000 -0.861938 
1954.000000 -0.862304 
1955.000000 -0.862605 
1956.000000 -0.862906 
1957.000000 -0.863292 
1958.000000 -0.863841 
1959.000000 -0.864612 
1960.000000 -0.865629 
1961.000000 -0.866876 
1962.000000 -0.868301 
1963.000000 -0.869826 
1964.000000 -0.871367 
1965.000000 -0.872842 
1966.000000 -0.874191 
1967.000000 -0.875380 
1968.000000 -0.876403 
1969.000000 -0.877278 
1970.000000 -0.878038 
1971.000000 -0.878715 
1972.000000 -0.879336 
1973.000000 -0.879912 
1974.000000 -0.880440 
1975.000000 -0.880910 
1976.000000 -0.881307 
1977.000000 -0.881612 
1978.000000 -0.881811 
1979.000000 -0.881886 
1980.000000 -0.881829 
1981.000000 -0.881636 
1982.000000 -0.881327 
1983.000000 -0.880938 
1984.000000 -0.880528 
1985.000000 -0.880162 
1986.000000 -0.879902 
1987.000000 -0.879784 
1988.000000 -0.879806 
1989.000000 -0.879934 
1990.000000 -0.880110 
1991.000000 -0.880272 
1992.000000 -0.880383 
1993.000000 -0.880439 
1994.000000 -0.880467 
1995.000000 -0.880516 
1996.000000 -0.880628 
1997.000000 -0.880822 
1998.000000 -0.881090 
1999.000000 -0.881404 
2000.000000 -0.881738 
2001.000000 -0.882083 
2002.000000 -0.882459 
2003.000000 -0.882903 
2004.000000 -0.883453 
2005.000000 -0.884122 
2006.000000 -0.884890 
2007.000000 -0.885704 
2008.000000 -0.886491 
2009.000000 -0.887183 
2010.000000 -0.887732 
2011.000000 -0.888123 
2012.000000 -0.888370 
2013.000000 -0.888495 
2014.000000 -0.888518 
2015.000000 -0.888444 
2016.000000 -0.888266 
2017.000000 -0.887976 
2018.000000 -0.887586 
2019.000000 -0.887134 
2020.000000 -0.886684 
2021.000000 -0.886310 
2022.000000 -0.886070 
2023.000000 -0.885988 
2024.000000 -0.886042 
2025.000000 -0.886175 
2026.000000 -0.886319 
2027.000000 -0.886421 
2028.000000 -0.886462 
2029.000000 -0.886460 
2030.000000 -0.886457 
2031.000000 -0.886501 
2032.000000 -0.886629 
2033.000000 -0.886853 
2034.000000 -0.887166 
2035.000000 -0.887549 
2036.000000 -0.887982 
2037.000000 -0.888456 
2038.000000 -0.888976 
2039.000000 -0.889554 
2040.000000 -0.890211 
2041.000000 -0.890965 
2042.000000 -0.891826 
2043.000000 -0.892800 
2044.000000 -0.893889 
2045.000000 -0.895092 
2046.000000 -0.896417 
2047.000000 -0.897871 
2048.000000 -0.899455 
2049.000000 -0.901155 
2050.000000 -0.902928 
2051.000000 -0.904706 
2052.000000 -0.906402 
2053.000000 -0.907930 
2054.000000 -0.909230 
2055.000000 -0.910279 
2056.000000 -0.911100 
2057.000000 -0.911746 
2058.000000 -0.912282 
2059.000000 -0.912762 
2060.000000 -0.913221 
2061.000000 -0.913662 
2062.000000 -0.914075 
2063.000000 -0.914442 
2064.000000 -0.914759 
2065.000000 -0.915044 
2066.000000 -0.915341 
2067.000000 -0.915709 
2068.000000 -0.916215 
2069.000000 -0.916906 
2070.000000 -0.917798 
2071.000000 -0.918862 
2072.000000 -0.920033 
2073.000000 -0.921229 
2074.000000 -0.922370 
2075.000000 -0.923402 
2076.000000 -0.924307 
2077.000000 -0.925101 
2078.000000 -0.925822 
2079.000000 -0.926513 
2080.000000 -0.927207 
2081.000000 -0.927916 
2082.000000 -0.928632 
2083.000000 -0.929328 
2084.000000 -0.929968 
2085.000000 -0.930517 
2086.000000 -0.930946 
2087.000000 -0.931236 
2088.000000 -0.931376 
2089.000000 -0.931365 
2090.000000 -0.931200 
2091.000000 -0.930887 
2092.000000 -0.930443 
2093.000000 -0.929898 
2094.000000 -0.929301 
2095.000000 -0.928710 
2096.000000 -0.928186 
2097.000000 -0.927775 
2098.000000 -0.927506 
2099.000000 -0.927386 
0.000000 -0.964898 
1.000000 -0.964898 
2.000000 -0.964898 
3.000000 -0.964898 
4.000000 -0.964898 
5.000000 -0.964898 
6.000000 -0.964898 
7.000000 -0.964898 
8.000000 -0.964898 
9.000000 -0.964898 
10.000000 -0.964898 
11.000000 -0.964898 
12.000000 -0.964898 
13.000000 -0.964898 
14.000000 -0.964898 
15.000000 -0.964898 
16.000000 -0.964898 
17.000000 -0.964898 
18.000000 -0.964898 
19.000000 -0.964898 
20.000000 -1.026227 
21.000000 -1.025414 
22.000000 -1.024460 
23.000000 -1.023379 
24.000000 -1.022177 
25.000000 -1.020847 
26.000000 -1.019385 
27.000000 -1.017800 
28.000000 -1.016128 
29.000000 -1.014433 
30.000000 -1.012795 
31.000000 -1.011299 
32.000000 -1.010006 
33.000000 -1.008942 
34.000000 -1.008094 
35.000000 -1.007417 
36.000000 -1.006850 
37.000000 -1.006335 
38.000000 -1.005825 
39.000000 -1.005289 
40.000000 -1.004716 
41.000000 -1.004102 
42.000000 -1.003453 
43.000000 -1.002780 
44.000000 -1.002096 
45.000000 -1.001422 
46.000000 -1.000778 
47.000000 -1.000186 
48.000000 -0.999669 
49.000000 -0.999247 
50.000000 -0.998941 
51.000000 -0.998772 
52.000000 -0.998760 
53.000000 -0.998917 
54.000000 -0.999245 
55.000000 -0.999726 
56.000000 -1.000328 
57.000000 -1.001003 
58.000000 -1.001700 
59.000000 -1.002372 
60.000000 -1.002980 
61.000000 -1.003493 
62.000000 -1.003892 
63.000000 -1.004165 
64.000000 -1.004307 
65.000000 -1.004326 
66.000000 -1.004239 
67.000000 -1.004071 
68.000000 -1.003850 
69.000000 -1.003598 
70.000000 -1.003326 
71.000000 -1.003029 
72.000000 -1.002697 
73.000000 -1.002318 
74.000000 -1.001887 
75.000000 -1.001414 
76.000000 -1.000922 
77.000000 -1.000440 
78.000000 -0.999997 
79.000000 -0.999615 
80.000000 -0.999299 
81.000000 -0.999046 
82.000000 -0.998844 
83.000000 -0.998679 
84.000000 -0.998543 
85.000000 -0.998431 
86.000000 -0.998341 
87.000000 -0.998266 
88.000000 -0.998190 
89.000000 -0.998088 
90.000000 -0.997927 
91.000000 -0.997677 
92.000000 -0.997318 
93.000000 -0.996844 
94.000000 -0.996272 
95.000000 -0.995632 
96.000000 -0.994965 
97.000000 -0.994314 
98.000000 -0.993712 
99.000000 -0.993184 
100.000000 -0.992740 
100.000000 -0.981412 
101.000000 -0.981412 
102.000000 -0.981412 
103.000000 -0.981412 
104.000000 -0.981412 
105.000000 -0.981412 
106.000000 -0.981412 
107.000000 -0.981412 
108.000000 -0.981412 
109.000000 -0.981412 
110.000000 -0.981412 
111.000000 -0.981412 
112.000000 -0.981412 
113.000000 -0.981412 
114.000000 -0.981412 
115.000000 -0.981412 
116.000000 -0.981412 
117.000000 -0.981412 
118.000000 -0.981412 
119.000000 -0.981412 
120.000000 -0.848432 
121.000000 -0.848440 
122.000000 -0.848391 
123.000000 -0.848324 
124.000000 -0.848287 
125.000000 -0.848329 
126.000000 -0.848481 
127.000000 -0.848757 
128.000000 -0.849156 
129.000000 -0.849668 
130.000000 -0.850281 
131.000000 -0.850984 
132.000000 -0.851761 
133.000000 -0.852595 
134.000000 -0.853459 
135.000000 -0.854322 
136.000000 -0.855154 
137.000000 -0.855934 
138.000000 -0.856652 
139.000000 -0.857313 
140.000000 -0.857931 
141.000000 -0.858528 
142.000000 -0.859125 
143.000000 -0.859740 
144.000000 -0.860385 
145.000000 -0.861065 
146.000000 -0.861789 
147.000000 -0.862563 
148.000000 -0.863402 
149.000000 -0.864324 
150.000000 -0.865348 
151.000000 -0.866481 
152.000000 -0.867713 
153.000000 -0.869009 
154.000000 -0.870314 
155.000000 -0.871561 
156.000000 -0.872687 
157.000000 -0.873658 
158.000000 -0.874472 
159.000000 -0.875161 
160.000000 -0.875783 
161.000000 -0.876397 
162.000000 -0.877051 
163.000000 -0.877773 
164.000000 -0.878573 
165.000000 -0.879451 
166.000000 -0.880405 
167.000000 -0.881434 
168.000000 -0.882539 
169.000000 -0.883716 
170.000000 -0.884949 
171.000000 -0.886209 
172.000000 -0.887457 
173.000000 -0.888652 
174.000000 -0.889758 
175.000000 -0.890753 
176.000000 -0.891626 
177.000000 -0.892376 
178.000000 -0.893000 
179.000000 -0.893489 
180.000000 -0.893824 
181.000000 -0.893985 
182.000000 -0.893959 
183.000000 -0.893753 
184.000000 -0.893391 
185.000000 -0.892911 
186.000000 -0.892360 
187.000000 -0.891781 
188.000000 -0.891212 
189.000000 -0.890679 
190.000000 -0.890203 
191.000000 -0.889802 
192.000000 -0.889488 
193.000000 -0.889268 
194.000000 -0.889138 
195.000000 -0.889079 
196.000000 -0.889064 
197.000000 -0.889059 
198.000000 -0.889033 
199.000000 -0.888961 
200.000000 -0.888827 
201.000000 -0.888628 
202.000000 -0.888368 
203.000000 -0.888065 
204.000000 -0.887748 
205.000000 -0.887458 
206.000000 -0.887244 
207.000000 -0.887151 
208.000000 -0.887206 
209.000000 -0.887414 
210.000000 -0.887746 
211.000000 -0.888154 
212.000000 -0.888583 
213.000000 -0.888996 
214.000000 -0.889386 
215.000000 -0.889787 
216.000000 -0.890259 
217.000000 -0.890870 
218.000000 -0.891668 
219.000000 -0.892664 
220.000000 -0.893828 
221.000000 -0.895095 
222.000000 -0.896391 
223.000000 -0.897653 
224.000000 -0.898847 
225.000000 -0.899977 
226.000000 -0.901077 
227.000000 -0.902201 
228.000000 -0.903406 
229.000000 -0.904738 
230.000000 -0.906224 
231.000000 -0.907868 
232.000000 -0.909656 
233.000000 -0.911557 
234.000000 -0.913529 
235.000000 -0.915522 
236.000000 -0.917481 
237.000000 -0.919351 
238.000000 -0.921082 
239.000000 -0.922635 
240.000000 -0.923985 
241.000000 -0.925127 
242.000000 -0.926066 
243.000000 -0.926824 
244.000000 -0.927433 
245.000000 -0.927940 
246.000000 -0.928400 
247.000000 -0.928881 
248.000000 -0.929448 
249.000000 -0.930162 
250.000000 -0.931066 
251.000000 -0.932180 
252.000000 -0.933500 
253.000000 -0.934996 
254.000000 -0.936611 
255.000000 -0.938271 
256.000000 -0.939886 
257.000000 -0.941366 
258.000000 -0.942625 
259.000000 -0.943604 
260.000000 -0.944273 
261.000000 -0.944639 
262.000000 -0.944747 
263.000000 -0.944673 
264.000000 -0.944512 
265.000000 -0.944362 
266.000000 -0.944312 
267.000000 -0.944419 
268.000000 -0.944702 
269.000000 -0.945136 
270.000000 -0.945661 
271.000000 -0.946198 
272.000000 -0.946672 
273.000000 -0.947026 
274.000000 -0.947231 
275.000000 -0.947288 
276.000000 -0.947212 
277.000000 -0.947022 
278.000000 -0.946728 
279.000000 -0.946335 
280.000000 -0.945847 
281.000000 -0.945282 
282.000000 -0.944677 
283.000000 -0.944090 
284.000000 -0.943582 
285.000000 -0.943202 
286.000000 -0.942972 
287.000000 -0.942878 
288.000000 -0.942879 
289.000000 -0.942914 
290.000000 -0.942923 
291.000000 -0.942865 
292.000000 -0.942722 
293.000000 -0.942499 
294.000000 -0.942209 
295.000000 -0.941854 
296.000000 -0.941423 
297.000000 -0.940888 
298.000000 -0.940221 
299.000000 -0.939407 
300.000000 -0.938462 
301.000000 -0.937428 
302.000000 -0.936364 
303.000000 -0.935326 
304.000000 -0.934354 
305.000000 -0.933463 
306.000000 -0.932641 
307.000000 -0.931864 
308.000000 -0.931107 
309.000000 -0.930358 
310.000000 -0.929625 
311.000000 -0.928939 
312.000000 -0.928337 
313.000000 -0.927855 
314.000000 -0.927517 
315.000000 -0.927328 
316.000000 -0.927275 
317.000000 -0.927336 
318.000000 -0.927492 
319.000000 -0.927732 
320.000000 -0.928065 
321.000000 -0.928506 
322.000000 -0.929068 
323.000000 -0.929747 
324.000000 -0.930521 
325.000000 -0.931351 
326.000000 -0.932195 
327.000000 -0.933016 
328.000000 -0.933797 
329.000000 -0.934546 
330.000000 -0.935289 
331.000000 -0.936057 
332.000000 -0.936868 
333.000000 -0.937705 
334.000000 -0.938517 
335.000000 -0.939225 
336.000000 -0.939740 
337.000000 -0.939992 
338.000000 -0.939948 
339.000000 -0.939624 
340.000000 -0.939081 
341.000000 -0.938406 
342.000000 -0.937686 
343.000000 -0.936983 
344.000000 -0.936329 
345.000000 -0.935725 
346.000000 -0.935156 
347.000000 -0.934605 
348.000000 -0.934069 
349.000000 -0.933559 
350.000000 -0.933093 
351.000000 -0.932690 
352.000000 -0.932357 
353.000000 -0.932083 
354.000000 -0.931854 
355.000000 -0.931655 
356.000000 -0.931484 
357.000000 -0.931358 
358.000000 -0.931297 
359.000000 -0.931323 
360.000000 -0.931437 
361.000000 -0.931616 
362.000000 -0.931812 
363.000000 -0.931960 
364.000000 -0.931997 
365.000000 -0.931874 
366.000000 -0.931568 
367.000000 -0.931080 
368.000000 -0.930428 
369.000000 -0.929637 
370.000000 -0.928723 
371.000000 -0.927693 
372.000000 -0.926547 
373.000000 -0.925296 
374.000000 -0.923968 
375.000000 -0.922616 
376.000000 -0.921313 
377.000000 -0.920124 
378.000000 -0.919089 
379.000000 -0.918208 
380.000000 -0.917446 
381.000000 -0.916752 
382.000000 -0.916082 
383.000000 -0.915413 
384.000000 -0.914743 
385.000000 -0.914076 
386.000000 -0.913409 
387.000000 -0.912725 
388.000000 -0.912005 
389.000000 -0.911241 
390.000000 -0.910458 
391.000000 -0.909715 
392.000000 -0.909101 
393.000000 -0.908703 
394.000000 -0.908575 
395.000000 -0.908719 
396.000000 -0.909083 
397.000000 -0.909581 
398.000000 -0.910126 
399.000000 -0.910655 
400.000000 -0.911139 
401.000000 -0.911575 
402.000000 -0.911963 
403.000000 -0.912289 
404.000000 -0.912523 
405.000000 -0.912629 
406.000000 -0.912585 
407.000000 -0.912402 
408.000000 -0.912130 
409.000000 -0.911847 
410.000000 -0.911634 
411.000000 -0.911542 
412.000000 -0.911567 
413.000000 -0.911651 
414.000000 -0.911698 
415.000000 -0.911612 
416.000000 -0.911331 
417.000000 -0.910852 
418.000000 -0.910227 
419.000000 -0.909546 
420.000000 -0.908899 
421.000000 -0.908356 
422.000000 -0.907950 
423.000000 -0.907678 
424.000000 -0.907515 
425.000000 -0.907431 
426.000000 -0.907400 
427.000000 -0.907408 
428.000000 -0.907446 
429.000000 -0.907507 
430.000000 -0.907572 
431.000000 -0.907615 
432.000000 -0.907601 
433.000000 -0.907493 
434.000000 -0.907268 
435.000000 -0.906918 
436.000000 -0.906459 
437.000000 -0.905924 
438.000000 -0.905363 
439.000000 -0.904829 
440.000000 -0.904372 
441.000000 -0.904028 
442.000000 -0.903813 
443.000000 -0.903721 
444.000000 -0.903723 
445.000000 -0.903773 
446.000000 -0.903818 
447.000000 -0.903813 
448.000000 -0.903740 
449.000000 -0.903612 
450.000000 -0.903474 
451.000000 -0.903394 
452.000000 -0.903439 
453.000000 -0.903655 
454.000000 -0.904047 
455.000000 -0.904576 
456.000000 -0.905178 
457.000000 -0.905777 
458.000000 -0.906319 
459.000000 -0.906777 
460.000000 -0.907155 
461.000000 -0.907471 
462.000000 -0.907738 
463.000000 -0.907944 
464.000000 -0.908056 
465.000000 -0.908030 
466.000000 -0.907842 
467.000000 -0.907501 
468.000000 -0.907070 
469.000000 -0.906647 
470.000000 -0.906343 
471.000000 -0.906249 
472.000000 -0.906406 
473.000000 -0.906799 
474.000000 -0.907370 
475.000000 -0.908039 
476.000000 -0.908730 
477.000000 -0.909387 
478.000000 -0.909976 
479.000000 -0.910477 
480.000000 -0.910873 
481.000000 -0.911146 
482.000000 -0.911273 
483.000000 -0.911242 
484.000000 -0.911053 
485.000000 -0.910730 
486.000000 -0.910315 
487.000000 -0.909861 
488.000000 -0.909416 
489.000000 -0.909012 
490.000000 -0.908660 
491.000000 -0.908348 
492.000000 -0.908042 
493.000000 -0.907699 
494.000000 -0.907269 
495.000000 -0.906710 
496.000000 -0.905989 
497.000000 -0.905091 
498.000000 -0.904020 
499.000000 -0.902808 
500.000000 -0.901508 
501.000000 -0.900194 
502.000000 -0.898950 
503.000000 -0.897857 
504.000000 -0.896975 
505.000000 -0.896329 
506.000000 -0.895907 
507.000000 -0.895662 
508.000000 -0.895528 
509.000000 -0.895439 
510.000000 -0.895342 
511.000000 -0.895208 
512.000000 -0.895032 
513.000000 -0.894834 
514.000000 -0.894644 
515.000000 -0.894499 
516.000000 -0.894429 
517.000000 -0.894458 
518.000000 -0.894603 
519.000000 -0.894871 
520.000000 -0.895262 
521.000000 -0.895769 
522.000000 -0.896372 
523.000000 -0.897045 
524.000000 -0.897753 
525.000000 -0.898459 
526.000000 -0.899130 
527.000000 -0.899740 
528.000000 -0.900277 
529.000000 -0.900741 
530.000000 -0.901148 
531.000000 -0.901527 
532.000000 -0.901915 
533.000000 -0.902355 
534.000000 -0.902886 
535.000000 -0.903541 
536.000000 -0.904336 
537.000000 -0.905264 
538.000000 -0.906291 
539.000000 -0.907360 
540.000000 -0.908405 
541.000000 -0.909369 
542.000000 -0.910216 
543.000000 -0.910946 
544.000000 -0.911587 
545.000000 -0.912189 
546.000000 -0.912804 
547.000000 -0.913466 
548.000000 -0.914183 
549.000000 -0.914927 
550.000000 -0.915642 
551.000000 -0.916256 
552.000000 -0.916700 
553.000000 -0.916927 
554.000000 -0.916920 
555.000000 -0.916700 
556.000000 -0.916318 
557.000000 -0.915840 
558.000000 -0.915328 
559.000000 -0.914830 
560.000000 -0.914376 
561.000000 -0.913977 
562.000000 -0.913641 
563.000000 -0.913382 
564.000000 -0.913220 
565.000000 -0.913180 
566.000000 -0.913279 
567.000000 -0.913514 
568.000000 -0.913859 
569.000000 -0.914269 
570.000000 -0.914691 
571.000000 -0.915081 
572.000000 -0.915410 
573.000000 -0.915674 
574.000000 -0.915882 
575.000000 -0.916049 
576.000000 -0.916187 
577.000000 -0.916293 
578.000000 -0.916355 
579.000000 -0.916358 
580.000000 -0.916298 
581.000000 -0.916189 
582.000000 -0.916069 
583.000000 -0.915986 
584.000000 -0.915987 
585.000000 -0.916094 
586.000000 -0.916304 
587.000000 -0.916589 
588.000000 -0.916911 
589.000000 -0.917238 
590.000000 -0.917558 
591.000000 -0.917882 
592.000000 -0.918241 
593.000000 -0.918666 
594.000000 -0.919182 
595.000000 -0.919786 
596.000000 -0.920453 
597.000000 -0.921138 
598.000000 -0.921786 
599.000000 -0.922355 
600.000000 -0.922822 
601.000000 -0.923192 
602.000000 -0.923498 
603.000000 -0.923785 
604.000000 -0.924107 
605.000000 -0.924502 
606.000000 -0.924997 
607.000000 -0.925599 
608.000000 -0.926303 
609.000000 -0.927099 
610.000000 -0.927974 
611.000000 -0.928914 
612.000000 -0.929898 
613.000000 -0.930899 
614.000000 -0.931882 
615.000000 -0.932804 
616.000000 -0.933625 
617.000000 -0.934312 
618.000000 -0.934846 
619.000000 -0.935222 
620.000000 -0.935449 
621.000000 -0.935539 
622.000000 -0.935499 
623.000000 -0.935332 
624.000000 -0.935035 
625.000000 -0.934609 
626.000000 -0.934068 
627.000000 -0.933437 
628.000000 -0.932760 
629.000000 -0.932091 
630.000000 -0.931488 
631.000000 -0.931000 
632.000000 -0.930666 
633.000000 -0.930504 
634.000000 -0.930506 
635.000000 -0.930642 
636.000000 -0.930866 
637.000000 -0.931124 
638.000000 -0.931370 
639.000000 -0.931582 
640.000000 -0.931761 
641.000000 -0.931937 
642.000000 -0.932151 
643.000000 -0.932442 
644.000000 -0.932831 
645.000000 -0.933317 
646.000000 -0.933883 
647.000000 -0.934508 
648.000000 -0.935172 
649.000000 -0.935858 
650.000000 -0.936546 
651.000000 -0.937198 
652.000000 -0.937763 
653.000000 -0.938179 
654.000000 -0.938394 
655.000000 -0.938394 
656.000000 -0.938216 
657.000000 -0.937954 
658.000000 -0.937748 
659.000000 -0.937744 
660.000000 -0.938060 
661.000000 -0.938747 
662.000000 -0.939777 
663.000000 -0.941049 
664.000000 -0.942427 
665.000000 -0.943778 
666.000000 -0.945003 
667.000000 -0.946052 
668.000000 -0.946907 
669.000000 -0.947562 
670.000000 -0.948001 
671.000000 -0.948196 
672.000000 -0.948118 
673.000000 -0.947769 
674.000000 -0.947199 
675.000000 -0.946506 
676.000000 -0.945814 
677.000000 -0.945237 
678.000000 -0.944846 
679.000000 -0.944645 
680.000000 -0.944581 
681.000000 -0.944568 
682.000000 -0.944520 
683.000000 -0.944373 
684.000000 -0.944094 
685.000000 -0.943670 
686.000000 -0.943093 
687.000000 -0.942347 
688.000000 -0.941409 
689.000000 -0.940262 
690.000000 -0.938909 
691.000000 -0.937381 
692.000000 -0.935733 
693.000000 -0.934028 
694.000000 -0.932317 
695.000000 -0.930630 
696.000000 -0.928973 
697.000000 -0.927346 
698.000000 -0.925756 
699.000000 -0.924232 
700.000000 -0.922827 
701.000000 -0.921601 
702.000000 -0.920604 
703.000000 -0.919853 
704.000000 -0.919325 
705.000000 -0.918958 
706.000000 -0.918668 
707.000000 -0.918378 
708.000000 -0.918028 
709.000000 -0.917591 
710.000000 -0.917066 
711.000000 -0.916462 
712.000000 -0.915791 
713.000000 -0.915053 
714.000000 -0.914241 
715.000000 -0.913349 
716.000000 -0.912379 
717.000000 -0.911352 
718.000000 -0.910312 
719.000000 -0.909312 
720.000000 -0.908408 
721.000000 -0.907637 
722.000000 -0.907008 
723.000000 -0.906488 
724.000000 -0.906009 
725.000000 -0.905478 
726.000000 -0.904796 
727.000000 -0.903881 
728.000000 -0.902687 
729.000000 -0.901208 
730.000000 -0.899477 
731.000000 -0.897546 
732.000000 -0.895470 
733.000000 -0.893291 
734.000000 -0.891035 
735.000000 -0.888723 
736.000000 -0.886380 
737.000000 -0.884046 
738.000000 -0.881779 
739.000000 -0.879642 
740.000000 -0.877682 
741.000000 -0.875922 
742.000000 -0.874344 
743.000000 -0.872905 
744.000000 -0.871538 
745.000000 -0.870180 
746.000000 -0.868779 
747.000000 -0.867299 
748.000000 -0.865723 
749.000000 -0.864043 
750.000000 -0.862255 
751.000000 -0.860361 
752.000000 -0.858377 
753.000000 -0.856339 
754.000000 -0.854312 
755.000000 -0.852382 
756.000000 -0.850645 
757.000000 -0.849180 
758.000000 -0.848033 
759.000000 -0.847199 
760.000000 -0.846628 
761.000000 -0.846234 
762.000000 -0.845920 
763.000000 -0.845595 
764.000000 -0.845191 
765.000000 -0.844664 
766.000000 -0.844001 
767.000000 -0.843210 
768.000000 -0.842319 
769.000000 -0.841372 
770.000000 -0.840419 
771.000000 -0.839509 
772.000000 -0.838678 
773.000000 -0.837944 
774.000000 -0.837307 
775.000000 -0.836760 
776.000000 -0.836296 
777.000000 -0.835922 
778.000000 -0.835656 
779.000000 -0.835522 
780.000000 -0.835532 
781.000000 -0.835680 
782.000000 -0.835940 
783.000000 -0.836272 
784.000000 -0.836632 
785.000000 -0.836984 
786.000000 -0.837309 
787.000000 -0.837602 
788.000000 -0.837866 
789.000000 -0.838109 
790.000000 -0.838325 
791.000000 -0.838493 
792.000000 -0.838568 
793.000000 -0.838497 
794.000000 -0.838229 
795.000000 -0.837736 
796.000000 -0.837024 
797.000000 -0.836134 
798.000000 -0.835131 
799.000000 -0.834090 
800.000000 -0.833078 
801.000000 -0.832143 
802.000000 -0.831306 
803.000000 -0.830566 
804.000000 -0.829905 
805.000000 -0.829294 
806.000000 -0.828699 
807.000000 -0.828080 
808.000000 -0.827391 
809.000000 -0.826584 
810.000000 -0.825617 
811.000000 -0.824474 
812.000000 -0.823170 
813.000000 -0.821757 
814.000000 -0.820309 
815.000000 -0.818897 
816.000000 -0.817564 
817.000000 -0.816305 
818.000000 -0.815074 
819.000000 -0.813802 
820.000000 -0.812434 
821.000000 -0.810953 
822.000000 -0.809391 
823.000000 -0.807823 
824.000000 -0.806333 
825.000000 -0.804991 
826.000000 -0.803824 
827.000000 -0.802807 
828.000000 -0.801872 
829.000000 -0.800933 
830.000000 -0.799914 
831.000000 -0.798768 
832.000000 -0.797489 
833.000000 -0.796106 
834.000000 -0.794663 
835.000000 -0.793198 
836.000000 -0.791727 
837.000000 -0.790244 
838.000000 -0.788727 
839.000000 -0.787158 
840.000000 -0.785535 
841.000000 -0.783873 
842.000000 -0.782203 
843.000000 -0.780557 
844.000000 -0.778955 
845.000000 -0.777402 
846.000000 -0.775889 
847.000000 -0.774406 
848.000000 -0.772943 
849.000000 -0.771502 
850.000000 -0.770088 
851.000000 -0.768718 
852.000000 -0.767406 
853.000000 -0.766168 
854.000000 -0.765014 
855.000000 -0.763946 
856.000000 -0.762959 
857.000000 -0.762041 
858.000000 -0.761184 
859.000000 -0.760383 
860.000000 -0.759646 
861.000000 -0.758982 
862.000000 -0.758406 
863.000000 -0.757922 
864.000000 -0.757527 
865.000000 -0.757205 
866.000000 -0.756929 
867.000000 -0.756669 
868.000000 -0.756396 
869.000000 -0.756086 
870.000000 -0.755719 
871.000000 -0.755281 
872.000000 -0.754760 
873.000000 -0.754152 
874.000000 -0.753457 
875.000000 -0.752686 
876.000000 -0.751864 
877.000000 -0.751024 
878.000000 -0.750205 
879.000000 -0.749439 
880.000000 -0.748741 
881.000000 -0.748108 
882.000000 -0.747525 
883.000000 -0.746975 
884.000000 -0.746456 
885.000000 -0.745990 
886.000000 -0.745618 
887.000000 -0.745389 
888.000000 -0.745340 
889.000000 -0.745477 
890.000000 -0.745761 
891.000000 -0.746115 
892.000000 -0.746442 
893.000000 -0.746652 
894.000000 -0.746686 
895.000000 -0.746534 
896.000000 -0.746232 
897.000000 -0.745847 
898.000000 -0.745453 
899.000000 -0.745104 
900.000000 -0.744821 
901.000000 -0.744587 
902.000000 -0.744360 
903.000000 -0.744101 
904.000000 -0.743795 
905.000000 -0.743461 
906.000000 -0.743149 
907.000000 -0.742918 
908.000000 -0.742811 
909.000000 -0.742830 
910.000000 -0.742939 
911.000000 -0.743062 
912.000000 -0.743115 
913.000000 -0.743017 
914.000000 -0.742711 
915.000000 -0.742177 
916.000000 -0.741422 
917.000000 -0.740482 
918.000000 -0.739405 
919.000000 -0.738243 
920.000000 -0.737049 
921.000000 -0.735875 
922.000000 -0.734780 
923.000000 -0.733837 
924.000000 -0.733125 
925.000000 -0.732725 
926.000000 -0.732695 
927.000000 -0.733049 
928.000000 -0.733754 
929.000000 -0.734724 
930.000000 -0.735850 
931.000000 -0.737013 
932.000000 -0.738117 
933.000000 -0.739098 
934.000000 -0.739923 
935.000000 -0.740588 
936.000000 -0.741102 
937.000000 -0.741483 
938.000000 -0.741755 
939.000000 -0.741946 
940.000000 -0.742089 
941.000000 -0.742218 
942.000000 -0.742356 
943.000000 -0.742510 
944.000000 -0.742675 
945.000000 -0.742834 
946.000000 -0.742981 
947.000000 -0.743123 
948.000000 -0.743289 
949.000000 -0.743519 
950.000000 -0.743853 
951.000000 -0.744313 
952.000000 -0.744902 
953.000000 -0.745604 
954.000000 -0.746391 
955.000000 -0.747237 
956.000000 -0.748124 
957.000000 -0.749038 
958.000000 -0.749973 
959.000000 -0.750922 
960.000000 -0.751876 
961.000000 -0.752825 
962.000000 -0.753753 
963.000000 -0.754649 
964.000000 -0.755497 
965.000000 -0.756288 
966.000000 -0.757011 
967.000000 -0.757664 
968.000000 -0.758246 
969.000000 -0.758765 
970.000000 -0.759229 
971.000000 -0.759648 
972.000000 -0.760037 
973.000000 -0.760409 
974.000000 -0.760782 
975.000000 -0.761176 
976.000000 -0.761610 
977.000000 -0.762096 
978.000000 -0.762639 
979.000000 -0.763235 
980.000000 -0.763868 
981.000000 -0.764515 
982.000000 -0.765143 
983.000000 -0.765716 
984.000000 -0.766193 
985.000000 -0.766539 
986.000000 -0.766731 
987.000000 -0.766772 
988.000000 -0.766693 
989.000000 -0.766548 
990.000000 -0.766405 
991.000000 -0.766326 
992.000000 -0.766357 
993.000000 -0.766515 
994.000000 -0.766791 
995.000000 -0.767157 
996.000000 -0.767581 
997.000000 -0.768028 
998.000000 -0.768476 
999.000000 -0.768911 
1000.000000 -0.769324 
1001.000000 -0.769708 
1002.000000 -0.770051 
1003.000000 -0.770337 
1004.000000 -0.770550 
1005.000000 -0.770685 
1006.000000 -0.770756 
1007.000000 -0.770798 
1008.000000 -0.770870 
1009.000000 -0.771038 
1010.000000 -0.771359 
1011.000000 -0.771859 
1012.000000 -0.772523 
1013.000000 -0.773295 
1014.000000 -0.774090 
1015.000000 -0.774823 
1016.000000 -0.775427 
1017.000000 -0.775880 
1018.000000 -0.776196 
1019.000000 -0.776425 
1020.000000 -0.776625 
1021.000000 -0.776846 
1022.000000 -0.777115 
1023.000000 -0.777435 
1024.000000 -0.777801 
1025.000000 -0.778212 
1026.000000 -0.778680 
1027.000000 -0.779225 
1028.000000 -0.779859 
1029.000000 -0.780572 
1030.000000 -0.781321 
1031.000000 -0.782039 
1032.000000 -0.782650 
1033.000000 -0.783097 
1034.000000 -0.783351 
1035.000000 -0.783418 
1036.000000 -0.783323 
1037.000000 -0.783092 
1038.000000 -0.782736 
1039.000000 -0.782252 
1040.000000 -0.781626 
1041.000000 -0.780864 
1042.000000 -0.779999 
1043.000000 -0.779099 
1044.000000 -0.778251 
1045.000000 -0.777540 
1046.000000 -0.777020 
1047.000000 -0.776702 
1048.000000 -0.776556 
1049.000000 -0.776533 
1050.000000 -0.776584 
1051.000000 -0.776688 
1052.000000 -0.776856 
1053.000000 -0.777116 
1054.000000 -0.777495 
1055.000000 -0.777994 
1056.000000 -0.778584 
1057.000000 -0.779211 
1058.000000 -0.779820 
1059.000000 -0.780368 
1060.000000 -0.780837 
1061.000000 -0.781232 
1062.000000 -0.781571 
1063.000000 -0.781875 
1064.000000 -0.782158 
1065.000000 -0.782434 
1066.000000 -0.782711 
1067.000000 -0.782999 
1068.000000 -0.783306 
1069.000000 -0.783627 
1070.000000 -0.783944 
1071.000000 -0.784225 
1072.000000 -0.784430 
1073.000000 -0.784525 
1074.000000 -0.784495 
1075.000000 -0.784348 
1076.000000 -0.784110 
1077.000000 -0.783811 
1078.000000 -0.783471 
1079.000000 -0.783087 
1080.000000 -0.782639 
1081.000000 -0.782094 
1082.000000 -0.781423 
1083.000000 -0.780614 
1084.000000 -0.779676 
1085.000000 -0.778646 
1086.000000 -0.777574 
1087.000000 -0.776522 
1088.000000 -0.775547 
1089.000000 -0.774694 
1090.000000 -0.773994 
1091.000000 -0.773457 
1092.000000 -0.773078 
1093.000000 -0.772829 
1094.000000 -0.772664 
1095.000000 -0.772531 
1096.000000 -0.772377 
1097.000000 -0.772170 
1098.000000 -0.771908 
1099.000000 -0.771619 
1100.000000 -0.771351 
1101.000000 -0.771156 
1102.000000 -0.771074 
1103.000000 -0.771122 
1104.000000 -0.771296 
1105.000000 -0.771582 
1106.000000 -0.771961 
1107.000000 -0.772412 
1108.000000 -0.772914 
1109.000000 -0.773436 
1110.000000 -0.773936 
1111.000000 -0.774360 
1112.000000 -0.774650 
1113.000000 -0.774762 
1114.000000 -0.774682 
1115.000000 -0.774439 
1116.000000 -0.774103 
1117.000000 -0.773775 
1118.000000 -0.773558 
1119.000000 -0.773528 
1120.000000 -0.773707 
1121.000000 -0.774057 
1122.000000 -0.774488 
1123.000000 -0.774886 
1124.000000 -0.775150 
1125.000000 -0.775218 
1126.000000 -0.775087 
1127.000000 -0.774797 
1128.000000 -0.774417 
1129.000000 -0.774021 
1130.000000 -0.773668 
1131.000000 -0.773395 
1132.000000 -0.773223 
1133.000000 -0.773162 
1134.000000 -0.773217 
1135.000000 -0.773391 
1136.000000 -0.773682 
1137.000000 -0.774084 
1138.000000 -0.774589 
1139.000000 -0.775194 
1140.000000 -0.775904 
1141.000000 -0.776731 
1142.000000 -0.777685 
1143.000000 -0.778755 
1144.000000 -0.779899 
1145.000000 -0.781036 
1146.000000 -0.782064 
1147.000000 -0.782884 
1148.000000 -0.783423 
1149.000000 -0.783656 
1150.000000 -0.783608 
1151.000000 -0.783337 
1152.000000 -0.782918 
1153.000000 -0.782416 
1154.000000 -0.781876 
1155.000000 -0.781319 
1156.000000 -0.780749 
1157.000000 -0.780168 
1158.000000 -0.779588 
1159.000000 -0.779026 
1160.000000 -0.778505 
1161.000000 -0.778033 
1162.000000 -0.777594 
1163.000000 -0.777154 
1164.000000 -0.776668 
1165.000000 -0.776106 
1166.000000 -0.775467 
1167.000000 -0.774790 
1168.000000 -0.774145 
1169.000000 -0.773605 
1170.000000 -0.773224 
1171.000000 -0.773016 
1172.000000 -0.772952 
1173.000000 -0.772977 
1174.000000 -0.773028 
1175.000000 -0.773052 
1176.000000 -0.773024 
1177.000000 -0.772938 
1178.000000 -0.772802 
1179.000000 -0.772624 
1180.000000 -0.772400 
1181.000000 -0.772116 
1182.000000 -0.771763 
1183.000000 -0.771347 
1184.000000 -0.770900 
1185.000000 -0.770481 
1186.000000 -0.770154 
1187.000000 -0.769971 
1188.000000 -0.769944 
1189.000000 -0.770030 
1190.000000 -0.770145 
1191.000000 -0.770193 
1192.000000 -0.770093 
1193.000000 -0.769815 
1194.000000 -0.769382 
1195.000000 -0.768859 
1196.000000 -0.768330 
1197.000000 -0.767866 
1198.000000 -0.767500 
1199.000000 -0.767227 
1200.000000 -0.767006 
1201.000000 -0.766784 
1202.000000 -0.766518 
1203.000000 -0.766191 
1204.000000 -0.765821 
1205.000000 -0.765453 
1206.000000 -0.765139 
1207.000000 -0.764911 
1208.000000 -0.764769 
1209.000000 -0.764671 
1210.000000 -0.764553 
1211.000000 -0.764359 
1212.000000 -0.764067 
1213.000000 -0.763705 
1214.000000 -0.763342 
1215.000000 -0.763065 
1216.000000 -0.762942 
1217.000000 -0.762999 
1218.000000 -0.763210 
1219.000000 -0.763508 
1220.000000 -0.763813 
1221.000000 -0.764063 
1222.000000 -0.764228 
1223.000000 -0.764318 
1224.000000 -0.764365 
1225.000000 -0.764402 
1226.000000 -0.764450 
1227.000000 -0.764499 
1228.000000 -0.764520 
1229.000000 -0.764472 
1230.000000 -0.764321 
1231.000000 -0.764058 
1232.000000 -0.763698 
1233.000000 -0.763273 
1234.000000 -0.762823 
1235.000000 -0.762379 
1236.000000 -0.761970 
1237.000000 -0.761620 
1238.000000 -0.761358 
1239.000000 -0.761217 
1240.000000 -0.761225 
1241.000000 -0.761391 
1242.000000 -0.761695 
1243.000000 -0.762082 
1244.000000 -0.762473 
1245.000000 -0.762791 
1246.000000 -0.762983 
1247.000000 -0.763033 
1248.000000 -0.762958 
1249.000000 -0.762790 
1250.000000 -0.762555 
1251.000000 -0.762262 
1252.000000 -0.761900 
1253.000000 -0.761459 
1254.000000 -0.760942 
1255.000000 -0.760379 
1256.000000 -0.759820 
1257.000000 -0.759321 
1258.000000 -0.758929 
1259.000000 -0.758664 
1260.000000 -0.758517 
1261.000000 -0.758455 
1262.000000 -0.758441 
1263.000000 -0.758446 
1264.000000 -0.758465 
1265.000000 -0.758517 
1266.000000 -0.758642 
1267.000000 -0.758883 
1268.000000 -0.759272 
1269.000000 -0.759820 
1270.000000 -0.760516 
1271.000000 -0.761335 
1272.000000 -0.762247 
1273.000000 -0.763224 
1274.000000 -0.764240 
1275.000000 -0.765269 
1276.000000 -0.766283 
1277.000000 -0.767250 
1278.000000 -0.768136 
1279.000000 -0.768919 
1280.000000 -0.769595 
1281.000000 -0.770185 
1282.000000 -0.770735 
1283.000000 -0.771302 
1284.000000 -0.771945 
1285.000000 -0.772705 
1286.000000 -0.773599 
1287.000000 -0.774613 
1288.000000 -0.775713 
1289.000000 -0.776856 
1290.000000 -0.778007 
1291.000000 -0.779142 
1292.000000 -0.780250 
1293.000000 -0.781323 
1294.000000 -0.782347 
1295.000000 -0.783293 
1296.000000 -0.784124 
1297.000000 -0.784809 
1298.000000 -0.785331 
1299.000000 -0.785706 
1300.000000 -0.785976 
1301.000000 -0.786210 
1302.000000 -0.786485 
1303.000000 -0.786879 
1304.000000 -0.787456 
1305.000000 -0.788256 
1306.000000 -0.789296 
1307.000000 -0.790564 
1308.000000 -0.792018 
1309.000000 -0.793585 
1310.000000 -0.795165 
1311.000000 -0.796640 
1312.000000 -0.797898 
1313.000000 -0.798856 
1314.000000 -0.799485 
1315.000000 -0.799822 
1316.000000 -0.799964 
1317.000000 -0.800035 
1318.000000 -0.800151 
1319.000000 -0.800388 
1320.000000 -0.800762 
1321.000000 -0.801239 
1322.000000 -0.801760 
1323.000000 -0.802275 
1324.000000 -0.802764 
1325.000000 -0.803245 
1326.000000 -0.803758 
1327.000000 -0.804348 
1328.000000 -0.805031 
1329.000000 -0.805792 
1330.000000 -0.806580 
1331.000000 -0.807333 
1332.000000 -0.807993 
1333.000000 -0.808526 
1334.000000 -0.808931 
1335.000000 -0.809240 
1336.000000 -0.809503 
1337.000000 -0.809778 
1338.000000 -0.810118 
1339.000000 -0.810555 
1340.000000 -0.811104 
1341.000000 -0.811764 
1342.000000 -0.812524 
1343.000000 -0.813374 
1344.000000 -0.814313 
1345.000000 -0.815345 
1346.000000 -0.816480 
1347.000000 -0.817724 
1348.000000 -0.819073 
1349.000000 -0.820508 
1350.000000 -0.821995 
1351.000000 -0.823489 
1352.000000 -0.824946 
1353.000000 -0.826336 
1354.000000 -0.827653 
1355.000000 -0.828907 
1356.000000 -0.830124 
1357.000000 -0.831320 
1358.000000 -0.832499 
1359.000000 -0.833645 
1360.000000 -0.834732 
1361.000000 -0.835739 
1362.000000 -0.836669 
1363.000000 -0.837552 
1364.000000 -0.838442 
1365.000000 -0.839403 
1366.000000 -0.840489 
1367.000000 -0.841724 
1368.000000 -0.843103 
1369.000000 -0.844600 
1370.000000 -0.846180 
1371.000000 -0.847821 
1372.000000 -0.849516 
1373.000000 -0.851268 
1374.000000 -0.853085 
1375.000000 -0.854961 
1376.000000 -0.856881 
1377.000000 -0.858819 
1378.000000 -0.860752 
1379.000000 -0.862662 
1380.000000 -0.864543 
1381.000000 -0.866395 
1382.000000 -0.868217 
1383.000000 -0.870008 
1384.000000 -0.871767 
1385.000000 -0.873500 
1386.000000 -0.875218 
1387.000000 -0.876946 
1388.000000 -0.878703 
1389.000000 -0.880502 
1390.000000 -0.882338 
1391.000000 -0.884189 
1392.000000 -0.886021 
1393.000000 -0.887806 
1394.000000 -0.889529 
1395.000000 -0.891192 
1396.000000 -0.892814 
1397.000000 -0.894418 
1398.000000 -0.896022 
1399.000000 -0.897627 
1400.000000 -0.899214 
1401.000000 -0.900750 
1402.000000 -0.902197 
1403.000000 -0.903522 
1404.000000 -0.904704 
1405.000000 -0.905741 
1406.000000 -0.906648 
1407.000000 -0.907449 
1408.000000 -0.908170 
1409.000000 -0.908838 
1410.000000 -0.909471 
1411.000000 -0.910075 
1412.000000 -0.910640 
1413.000000 -0.911141 
1414.000000 -0.911539 
1415.000000 -0.911793 
1416.000000 -0.911877 
1417.000000 -0.911794 
1418.000000 -0.911584 
1419.000000 -0.911321 
1420.000000 -0.911099 
1421.000000 -0.911004 
1422.000000 -0.911097 
1423.000000 -0.911395 
1424.000000 -0.911869 
1425.000000 -0.912459 
1426.000000 -0.913092 
1427.000000 -0.913706 
1428.000000 -0.914262 
1429.000000 -0.914755 
1430.000000 -0.915207 
1431.000000 -0.915661 
1432.000000 -0.916167 
1433.000000 -0.916768 
1434.000000 -0.917493 
1435.000000 -0.918348 
1436.000000 -0.919317 
1437.000000 -0.920368 
1438.000000 -0.921460 
1439.000000 -0.922544 
1440.000000 -0.923579 
1441.000000 -0.924528 
1442.000000 -0.925373 
1443.000000 -0.926108 
1444.000000 -0.926741 
1445.000000 -0.927281 
1446.000000 -0.927736 
1447.000000 -0.928104 
1448.000000 -0.928377 
1449.000000 -0.928548 
1450.000000 -0.928623 
1451.000000 -0.928630 
1452.000000 -0.928620 
1453.000000 -0.928659 
1454.000000 -0.928812 
1455.000000 -0.929117 
1456.000000 -0.929571 
1457.000000 -0.930119 
1458.000000 -0.930669 
1459.000000 -0.931115 
1460.000000 -0.931367 
1461.000000 -0.931379 
1462.000000 -0.931158 
1463.000000 -0.930764 
1464.000000 -0.930281 
1465.000000 -0.929798 
1466.000000 -0.929384 
1467.000000 -0.929075 
1468.000000 -0.928877 
1469.000000 -0.928779 
1470.000000 -0.928765 
1471.000000 -0.928826 
1472.000000 -0.928965 
1473.000000 -0.929186 
1474.000000 -0.929492 
1475.000000 -0.929865 
1476.000000 -0.930270 
1477.000000 -0.930657 
1478.000000 -0.930978 
1479.000000 -0.931206 
1480.000000 -0.931351 
1481.000000 -0.931461 
1482.000000 -0.931607 
1483.000000 -0.931860 
1484.000000 -0.932267 
1485.000000 -0.932832 
1486.000000 -0.933515 
1487.000000 -0.934243 
1488.000000 -0.934930 
1489.000000 -0.935501 
1490.000000 -0.935911 
1491.000000 -0.936150 
1492.000000 -0.936243 
1493.000000 -0.936230 
1494.000000 -0.936150 
1495.000000 -0.936030 
1496.000000 -0.935875 
1497.000000 -0.935672 
1498.000000 -0.935405 
1499.000000 -0.935065 
1500.000000 -0.934668 
1501.000000 -0.934257 
1502.000000 -0.933900 
1503.000000 -0.933678 
1504.000000 -0.933660 
1505.000000 -0.933889 
1506.000000 -0.934371 
1507.000000 -0.935084 
1508.000000 -0.935987 
1509.000000 -0.937040 
1510.000000 -0.938209 
1511.000000 -0.939465 
1512.000000 -0.940776 
1513.000000 -0.942094 
1514.000000 -0.943358 
1515.000000 -0.944498 
1516.000000 -0.945455 
1517.000000 -0.946203 
1518.000000 -0.946754 
1519.000000 -0.947163 
1520.000000 -0.947506 
1521.000000 -0.947853 
1522.000000 -0.948252 
1523.000000 -0.948718 
1524.000000 -0.949238 
1525.000000 -0.949791 
1526.000000 -0.950362 
1527.000000 -0.950953 
1528.000000 -0.951575 
1529.000000 -0.952235 
1530.000000 -0.952921 
1531.000000 -0.953598 
1532.000000 -0.954209 
1533.000000 -0.954691 
1534.000000 -0.954994 
1535.000000 -0.955091 
1536.000000 -0.954984 
1537.000000 -0.954701 
1538.000000 -0.954285 
1539.000000 -0.953782 
1540.000000 -0.953236 
1541.000000 -0.952680 
1542.000000 -0.952139 
1543.000000 -0.951628 
1544.000000 -0.951154 
1545.000000 -0.950719 
1546.000000 -0.950316 
1547.000000 -0.949934 
1548.000000 -0.949555 
1549.000000 -0.949160 
1550.000000 -0.948728 
1551.000000 -0.948238 
1552.000000 -0.947671 
1553.000000 -0.947010 
1554.000000 -0.946245 
1555.000000 -0.945376 
1556.000000 -0.944415 
1557.000000 -0.943393 
1558.000000 -0.942352 
1559.000000 -0.941350 
1560.000000 -0.940449 
1561.000000 -0.939712 
1562.000000 -0.939192 
1563.000000 -0.938929 
1564.000000 -0.938944 
1565.000000 -0.939240 
1566.000000 -0.939801 
1567.000000 -0.940591 
1568.000000 -0.941556 
1569.000000 -0.942631 
1570.000000 -0.943739 
1571.000000 -0.944804 
1572.000000 -0.945754 
1573.000000 -0.946534 
1574.000000 -0.947105 
1575.000000 -0.947448 
1576.000000 -0.947565 
1577.000000 -0.947482 
1578.000000 -0.947253 
1579.000000 -0.946951 
1580.000000 -0.946661 
1581.000000 -0.946464 
1582.000000 -0.946421 
1583.000000 -0.946556 
1584.000000 -0.946861 
1585.000000 -0.947296 
1586.000000 -0.947807 
1587.000000 -0.948338 
1588.000000 -0.948840 
1589.000000 -0.949276 
1590.000000 -0.949616 
1591.000000 -0.949824 
1592.000000 -0.949863 
1593.000000 -0.949695 
1594.000000 -0.949295 
1595.000000 -0.948662 
1596.000000 -0.947831 
1597.000000 -0.946865 
1598.000000 -0.945850 
1599.000000 -0.944872 
1600.000000 -0.944008 
1601.000000 -0.943316 
1602.000000 -0.942829 
1603.000000 -0.942558 
1604.000000 -0.942497 
1605.000000 -0.942617 
1606.000000 -0.942873 
1607.000000 -0.943203 
1608.000000 -0.943537 
1609.000000 -0.943810 
1610.000000 -0.943974 
1611.000000 -0.944006 
1612.000000 -0.943908 
1613.000000 -0.943698 
1614.000000 -0.943393 
1615.000000 -0.942996 
1616.000000 -0.942491 
1617.000000 -0.941848 
1618.000000 -0.941035 
1619.000000 -0.940038 
1620.000000 -0.938877 
1621.000000 -0.937606 
1622.000000 -0.936303 
1623.000000 -0.935048 
1624.000000 -0.933897 
1625.000000 -0.932869 
1626.000000 -0.931940 
1627.000000 -0.931055 
1628.000000 -0.930151 
1629.000000 -0.929173 
1630.000000 -0.928090 
1631.000000 -0.926905 
1632.000000 -0.925649 
1633.000000 -0.924370 
1634.000000 -0.923116 
1635.000000 -0.921926 
1636.000000 -0.920816 
1637.000000 -0.919776 
1638.000000 -0.918781 
1639.000000 -0.917795 
1640.000000 -0.916785 
1641.000000 -0.915723 
1642.000000 -0.914600 
1643.000000 -0.913420 
1644.000000 -0.912201 
1645.000000 -0.910973 
1646.000000 -0.909773 
1647.000000 -0.908640 
1648.000000 -0.907615 
1649.000000 -0.906733 
1650.000000 -0.906018 
1651.000000 -0.905472 
1652.000000 -0.905075 
1653.000000 -0.904783 
1654.000000 -0.904538 
1655.000000 -0.904289 
1656.000000 -0.904005 
1657.000000 -0.903688 
1658.000000 -0.903370 
1659.000000 -0.903103 
1660.000000 -0.902937 
1661.000000 -0.902898 
1662.000000 -0.902984 
1663.000000 -0.903162 
1664.000000 -0.903386 
1665.000000 -0.903617 
1666.000000 -0.903837 
1667.000000 -0.904056 
1668.000000 -0.904307 
1669.000000 -0.904632 
1670.000000 -0.905062 
1671.000000 -0.905610 
1672.000000 -0.906267 
1673.000000 -0.907011 
1674.000000 -0.907825 
1675.000000 -0.908706 
1676.000000 -0.909670 
1677.000000 -0.910744 
1678.000000 -0.911949 
1679.000000 -0.913287 
1680.000000 -0.914736 
1681.000000 -0.916240 
1682.000000 -0.917726 
1683.000000 -0.919108 
1684.000000 -0.920299 
1685.000000 -0.921218 
1686.000000 -0.921801 
1687.000000 -0.922001 
1688.000000 -0.921796 
1689.000000 -0.921193 
1690.000000 -0.920230 
1691.000000 -0.918977 
1692.000000 -0.917524 
1693.000000 -0.915971 
1694.000000 -0.914409 
1695.000000 -0.912906 
1696.000000 -0.911503 
1697.000000 -0.910214 
1698.000000 -0.909044 
1699.000000 -0.907998 
1700.000000 -0.907091 
1701.000000 -0.906344 
1702.000000 -0.905770 
1703.000000 -0.905364 
1704.000000 -0.905089 
1705.000000 -0.904887 
1706.000000 -0.904692 
1707.000000 -0.904448 
1708.000000 -0.904133 
1709.000000 -0.903757 
1710.000000 -0.903355 
1711.000000 -0.902974 
1712.000000 -0.902648 
1713.000000 -0.902390 
1714.000000 -0.902192 
1715.000000 -0.902027 
1716.000000 -0.901861 
1717.000000 -0.901669 
1718.000000 -0.901437 
1719.000000 -0.901159 
1720.000000 -0.900839 
1721.000000 -0.900474 
1722.000000 -0.900057 
1723.000000 -0.899572 
1724.000000 -0.899008 
1725.000000 -0.898362 
1726.000000 -0.897654 
1727.000000 -0.896923 
1728.000000 -0.896219 
1729.000000 -0.895596 
1730.000000 -0.895093 
1731.000000 -0.894730 
1732.000000 -0.894504 
1733.000000 -0.894394 
1734.000000 -0.894367 
1735.000000 -0.894382 
1736.000000 -0.894399 
1737.000000 -0.894386 
1738.000000 -0.894324 
1739.000000 -0.894203 
1740.000000 -0.894028 
1741.000000 -0.893808 
1742.000000 -0.893555 
1743.000000 -0.893277 
1744.000000 -0.892983 
1745.000000 -0.892685 
1746.000000 -0.892398 
1747.000000 -0.892142 
1748.000000 -0.891941 
1749.000000 -0.891817 
1750.000000 -0.891784 
1751.000000 -0.891846 
1752.000000 -0.892001 
1753.000000 -0.892239 
1754.000000 -0.892550 
1755.000000 -0.892922 
1756.000000 -0.893342 
1757.000000 -0.893800 
1758.000000 -0.894283 
1759.000000 -0.894781 
1760.000000 -0.895288 
1761.000000 -0.895804 
1762.000000 -0.896344 
1763.000000 -0.896933 
1764.000000 -0.897612 
1765.000000 -0.898432 
1766.000000 -0.899443 
1767.000000 -0.900685 
1768.000000 -0.902177 
1769.000000 -0.903906 
1770.000000 -0.905828 
1771.000000 -0.907879 
1772.000000 -0.909984 
1773.000000 -0.912079 
1774.000000 -0.914120 
1775.000000 -0.916088 
1776.000000 -0.917988 
1777.000000 -0.919841 
1778.000000 -0.921675 
1779.000000 -0.923522 
1780.000000 -0.925416 
1781.000000 -0.927388 
1782.000000 -0.929469 
1783.000000 -0.931674 
1784.000000 -0.934001 
1785.000000 -0.936421 
1786.000000 -0.938876 
1787.000000 -0.941293 
1788.000000 -0.943595 
1789.000000 -0.945722 
1790.000000 -0.947646 
1791.000000 -0.949375 
1792.000000 -0.950948 
1793.000000 -0.952424 
1794.000000 -0.953863 
1795.000000 -0.955310 
1796.000000 -0.956792 
1797.000000 -0.958312 
1798.000000 -0.959857 
1799.000000 -0.961404 
1800.000000 -0.962924 
1801.000000 -0.964386 
1802.000000 -0.965756 
1803.000000 -0.966998 
1804.000000 -0.968083 
1805.000000 -0.968990 
1806.000000 -0.969722 
1807.000000 -0.970311 
1808.000000 -0.970811 
1809.000000 -0.971293 
1810.000000 -0.971818 
1811.000000 -0.972418 
1812.000000 -0.973091 
1813.000000 -0.973799 
1814.000000 -0.974492 
1815.000000 -0.975132 
1816.000000 -0.975705 
1817.000000 -0.976227 
1818.000000 -0.976728 
1819.000000 -0.977236 
1820.000000 -0.977756 
1821.000000 -0.978271 
1822.000000 -0.978744 
1823.000000 -0.979144 
1824.000000 -0.979466 
1825.000000 -0.979743 
1826.000000 -0.980038 
1827.000000 -0.980430 
1828.000000 -0.980986 
1829.000000 -0.981742 
1830.000000 -0.982691 
1831.000000 -0.983793 
1832.000000 -0.984989 
1833.000000 -0.986226 
1834.000000 -0.987466 
1835.000000 -0.988699 
1836.000000 -0.989930 
1837.000000 -0.991176 
1838.000000 -0.992448 
1839.000000 -0.993742 
1840.000000 -0.995037 
1841.000000 -0.996310 
1842.000000 -0.997538 
1843.000000 -0.998713 
1844.000000 -0.999846 
1845.000000 -1.000958 
1846.000000 -1.002069 
1847.000000 -1.003188 
1848.000000 -1.004306 
1849.000000 -1.005396 
1850.000000 -1.006425 
1851.000000 -1.007362 
1852.000000 -1.008195 
1853.000000 -1.008928 
1854.000000 -1.009586 
1855.000000 -1.010199 
1856.000000 -1.010796 
1857.000000 -1.011386 
1858.000000 -1.011964 
1859.000000 -1.012512 
1860.000000 -1.013013 
1861.000000 -1.013468 
1862.000000 -1.013900 
1863.000000 -1.014349 
1864.000000 -1.014861 
1865.000000 -1.015470 
1866.000000 -1.016186 
1867.000000 -1.016995 
1868.000000 -1.017864 
1869.000000 -1.018753 
1870.000000 -1.019630 
1871.000000 -1.020471 
1872.000000 -1.021256 
1873.000000 -1.021969 
1874.000000 -1.022590 
1875.000000 -1.023088 
1876.000000 -1.023434 
1877.000000 -1.023604 
1878.000000 -1.023593 
1879.000000 -1.023418 
1880.000000 -1.023122 
1881.000000 -1.022757 
1882.000000 -1.022375 
1883.000000 -1.022013 
1884.000000 -1.021690 
1885.000000 -1.021409 
1886.000000 -1.021167 
1887.000000 -1.020967 
1888.000000 -1.020829 
1889.000000 -1.020789 
1890.000000 -1.020888 
1891.000000 -1.021156 
1892.000000 -1.021598 
1893.000000 -1.022184 
1894.000000 -1.022859 
1895.000000 -1.023561 
1896.000000 -1.024245 
1897.000000 -1.024888 
1898.000000 -1.025496 
1899.000000 -1.026085 
1900.000000 -1.026668 
1901.000000 -1.027243 
1902.000000 -1.027796 
1903.000000 -1.028307 
1904.000000 -1.028767 
1905.000000 -1.029185 
1906.000000 -1.029587 
1907.000000 -1.030001 
1908.000000 -1.030439 
1909.000000 -1.030888 
1910.000000 -1.031305 
1911.000000 -1.031643 
1912.000000 -1.031863 
1913.000000 -1.031962 
1914.000000 -1.031971 
1915.000000 -1.031949 
1916.000000 -1.031959 
1917.000000 -1.032043 
1918.000000 -1.032212 
1919.000000 -1.032443 
1920.000000 -1.032698 
1921.000000 -1.032939 
1922.000000 -1.033151 
1923.000000 -1.033344 
1924.000000 -1.033553 
1925.000000 -1.033826 
1926.000000 -1.034204 
1927.000000 -1.034708 
1928.000000 -1.035336 
1929.000000 -1.036059 
1930.000000 -1.036831 
1931.000000 -1.037605 
1932.000000 -1.038339 
1933.000000 -1.039008 
1934.000000 -1.039593 
1935.000000 -1.040084 
1936.000000 -1.040460 
1937.000000 -1.040697 
1938.000000 -1.040765 
1939.000000 -1.040640 
1940.000000 -1.040315 
1941.000000 -1.039808 
1942.000000 -1.039163 
1943.000000 -1.038444 
1944.000000 -1.037720 
1945.000000 -1.037051 
1946.000000 -1.036473 
1947.000000 -1.035991 
1948.000000 -1.035580 
1949.000000 -1.035207 
1950.000000 -1.034841 
1951.000000 -1.034473 
1952.000000 -1.034122 
1953.000000 -1.033825 
1954.000000 -1.033623 
1955.000000 -1.033550 
1956.000000 -1.033611 
1957.000000 -1.033787 
1958.000000 -1.034037 
1959.000000 -1.034309 
1960.000000 -1.034559 
1961.000000 -1.034763 
1962.000000 -1.034921 
1963.000000 -1.035061 
1964.000000 -1.035218 
1965.000000 -1.035429 
1966.000000 -1.035707 
1967.000000 -1.036036 
1968.000000 -1.036371 
1969.000000 -1.036643 
1970.000000 -1.036787 
1971.000000 -1.036756 
1972.000000 -1.036543 
1973.000000 -1.036179 
1974.000000 -1.035728 
1975.000000 -1.035268 
1976.000000 -1.034867 
1977.000000 -1.034574 
1978.000000 -1.034410 
1979.000000 -1.034373 
1980.000000 -1.034453 
1981.000000 -1.034630 
1982.000000 -1.034892 
1983.000000 -1.035227 
1984.000000 -1.035626 
1985.000000 -1.036079 
1986.000000 -1.036570 
1987.000000 -1.037082 
1988.000000 -1.037599 
1989.000000 -1.038113 
1990.000000 -1.038625 
1991.000000 -1.039136 
1992.000000 -1.039638 
1993.000000 -1.040104 
1994.000000 -1.040491 
1995.000000 -1.040747 
1996.000000 -1.040841 
1997.000000 -1.040778 
1998.000000 -1.040607 
1999.000000 -1.040409 
2000.000000 -1.040268 
2001.000000 -1.040243 
2002.000000 -1.040349 
2003.000000 -1.040551 
2004.000000 -1.040781 
2005.000000 -1.040966 
2006.000000 -1.041049 
2007.000000 -1.041003 
2008.000000 -1.040832 
2009.000000 -1.040559 
2010.000000 -1.040204 
2011.000000 -1.039779 
2012.000000 -1.039282 
2013.000000 -1.038709 
2014.000000 -1.038065 
2015.000000 -1.037375 
2016.000000 -1.036695 
2017.000000 -1.036102 
2018.000000 -1.035678 
2019.000000 -1.035492 
2020.000000 -1.035577 
2021.000000 -1.035921 
2022.000000 -1.036464 
2023.000000 -1.037114 
2024.000000 -1.037762 
2025.000000 -1.038310 
2026.000000 -1.038683 
2027.000000 -1.038837 
2028.000000 -1.038759 
2029.000000 -1.038465 
2030.000000 -1.037998 
2031.000000 -1.037416 
2032.000000 -1.036793 
2033.000000 -1.036207 
2034.000000 -1.035722 
2035.000000 -1.035382 
2036.000000 -1.035202 
2037.000000 -1.035171 
2038.000000 -1.035261 
2039.000000 -1.035445 
2040.000000 -1.035704 
2041.000000 -1.036045 
2042.000000 -1.036492 
2043.000000 -1.037075 
2044.000000 -1.037807 
2045.000000 -1.038667 
2046.000000 -1.039590 
2047.000000 -1.040477 
2048.000000 -1.041224 
2049.000000 -1.041752 
2050.000000 -1.042039 
2051.000000 -1.042123 
2052.000000 -1.042094 
2053.000000 -1.042053 
2054.000000 -1.042076 
2055.000000 -1.042195 
2056.000000 -1.042393 
2057.000000 -1.042626 
2058.000000 -1.042852 
2059.000000 -1.043054 
2060.000000 -1.043242 
2061.000000 -1.043446 
2062.000000 -1.043682 
2063.000000 -1.043938 
2064.000000 -1.044168 
2065.000000 -1.044310 
2066.000000 -1.044317 
2067.000000 -1.044182 
2068.000000 -1.043953 
2069.000000 -1.043714 
2070.000000 -1.043552 
2071.000000 -1.043529 
2072.000000 -1.043655 
2073.000000 -1.043886 
2074.000000 -1.044145 
2075.000000 -1.044350 
2076.000000 -1.044438 
2077.000000 -1.044381 
2078.000000 -1.044181 
2079.000000 -1.043856 
2080.000000 -1.043427 
2081.000000 -1.042915 
2082.000000 -1.042343 
2083.000000 -1.041741 
2084.000000 -1.041157 
2085.000000 -1.040647 
2086.000000 -1.040267 
2087.000000 -1.040057 
2088.000000 -1.040025 
2089.000000 -1.040148 
2090.000000 -1