0 -0.327162 
1 -0.088170 
2 0.119490 
3 -0.429664 
4 -0.280296 
5 -0.236617 
6 -0.132594 
7 -0.302869 
8 0.205661 
9 0.213832 
10 0.002059 
11 -0.326786 
12 -0.469951 
13 0.066750 
14 -0.361492 
15 -0.212188 
16 -0.262470 
17 0.221213 
18 0.013618 
19 -0.257883 
20 -0.014295 
21 -0.308827 
22 -0.255779 
23 -0.075951 
24 -0.357229 
25 -0.494902 
26 -0.011054 
27 -0.005432 
28 -0.327870 
29 0.022795 
30 -0.030923 
31 -0.316897 
32 0.156935 
33 0.448566 
34 -0.207039 
35 -0.121028 
36 -0.021802 
37 -0.023654 
38 -0.123053 
39 0.216149 
40 0.037035 
41 0.003143 
42 -0.042780 
43 -0.184322 
44 -0.378931 
45 -0.381428 
46 -0.086506 
47 -0.010149 
48 -0.073015 
49 -0.149825 
50 -0.238680 
51 -0.369513 
52 -0.041841 
53 0.132711 
54 -0.540852 
55 -0.235490 
56 0.162325 
57 0.084430 
58 -0.215865 
59 -0.061030 
60 0.055430 
61 -0.491533 
62 -0.694670 
63 -0.191014 
64 -0.187764 
65 -0.911093 
66 0.005174 
67 -0.052411 
68 -0.004341 
69 -0.279219 
70 0.199680 
71 -0.021353 
72 -0.048862 
73 -0.448868 
74 -0.122701 
75 0.316821 
76 0.033280 
77 -0.407698 
78 -0.339093 
79 -0.138563 
80 -0.079471 
81 0.079547 
82 0.196660 
83 -0.021915 
84 -0.007076 
85 -0.271785 
86 -0.169924 
87 -0.073354 
88 -0.167919 
89 -0.184179 
90 -0.031836 
91 -0.090068 
92 -0.171084 
93 -0.072487 
94 -0.292455 
95 -0.185684 
96 0.226265 
97 -0.411968 
98 -0.246365 
99 0.053943 
100 0.164152 
101 0.102405 
102 -0.064061 
103 -0.037802 
104 -0.297356 
105 -0.063411 
106 0.031925 
107 -0.278094 
108 0.242762 
109 -0.186781 
110 -0.549570 
111 0.255562 
112 -0.393745 
113 0.151171 
114 0.171665 
115 -0.092926 
116 -0.133474 
117 -0.138250 
118 -0.314534 
119 -0.311547 
120 0.039609 
121 0.336679 
122 -0.193908 
123 -0.438449 
124 0.152123 
125 -0.325305 
126 -0.411512 
127 -0.126027 
128 -0.086393 
129 -0.276312 
130 0.014897 
131 -0.181665 
132 -0.105244 
133 0.056591 
134 -0.104911 
135 -0.186035 
136 -0.130518 
137 -0.117326 
138 -0.527291 
139 -0.094096 
140 -0.077774 
141 -0.229736 
142 -0.281125 
143 0.040108 
144 -0.287424 
145 0.119276 
146 -0.059672 
147 -0.160140 
148 -0.265000 
149 -0.110410 
150 -0.212922 
151 -0.302412 
152 0.018913 
153 0.069204 
154 0.132456 
155 -0.169802 
156 -0.464220 
157 -0.045000 
158 -0.358062 
159 -0.263256 
160 -0.289094 
161 -0.101885 
162 -0.179654 
163 -0.486097 
164 -0.041967 
165 -0.455995 
166 -0.137971 
167 -0.079842 
168 -0.127990 
169 0.153937 
170 -0.387678 
171 -0.453388 
172 -0.023045 
173 0.012378 
174 -0.172668 
175 -0.399499 
176 -0.159854 
177 0.176528 
178 -0.208684 
179 -0.289399 
180 -0.019102 
181 -0.378011 
182 -0.139481 
183 -0.308621 
184 -0.176742 
185 0.131651 
186 -0.368235 
187 -0.117311 
188 -0.135869 
189 -0.031019 
190 -0.214754 
191 -0.393475 
192 -0.065191 
193 -0.356492 
194 -0.318537 
195 -0.172763 
196 -0.250548 
197 -0.012907 
198 -0.047261 
199 0.171859 
