0 0.281115 
1 0.213468 
2 -0.022922 
3 0.169982 
4 -0.092924 
5 -0.225970 
6 0.134865 
7 -0.129932 
8 0.059677 
9 -0.099182 
10 -0.145352 
11 -0.186288 
12 -0.259370 
13 0.145235 
14 0.184238 
15 -0.016758 
16 0.181758 
17 -0.031823 
18 -0.198799 
19 0.340836 
20 0.297981 
21 -0.109570 
22 -0.025177 
23 -0.151986 
24 0.281797 
25 0.243426 
26 0.158358 
27 0.113480 
28 -0.172187 
29 0.262066 
30 0.199585 
31 -0.116742 
32 0.076957 
33 -0.164333 
34 0.070916 
35 -0.129401 
36 -0.016483 
37 0.226713 
38 0.333809 
39 -0.101309 
40 0.114546 
41 -0.007918 
42 0.667625 
43 -0.384636 
44 -0.023835 
45 -0.501658 
46 -0.370706 
47 0.075463 
48 -0.108575 
49 -0.178415 
50 0.171398 
51 0.272983 
52 -0.010571 
53 -0.535022 
54 0.063136 
55 -0.145752 
56 0.025193 
57 -0.109097 
58 0.169203 
59 -0.057688 
60 0.081443 
61 0.240424 
62 -0.035205 
63 0.295037 
64 0.109212 
65 -0.144261 
66 0.019182 
67 -0.025018 
68 -0.309825 
69 0.090456 
70 0.042028 
71 0.194500 
72 -0.012134 
73 0.276675 
74 -0.191441 
75 -0.039963 
76 0.154689 
77 -0.245823 
78 0.171010 
79 -0.025328 
80 0.343876 
81 -0.166407 
82 -0.034575 
83 0.300187 
84 -0.145828 
85 0.086508 
86 0.309492 
87 0.179251 
88 0.422167 
89 0.159579 
90 0.165348 
91 -0.017831 
92 0.127023 
93 0.130227 
94 -0.014904 
95 -0.105114 
96 0.041572 
97 0.042897 
98 -0.000538 
99 0.170874 
100 -0.147208 
101 -0.200590 
102 -0.386117 
103 0.115005 
104 0.247030 
105 0.137503 
106 -0.213784 
107 0.151921 
108 0.156427 
109 -0.311250 
110 -0.090375 
111 -0.005049 
112 0.002172 
113 -0.098125 
114 -0.055930 
115 -0.123799 
116 -0.260514 
117 0.039130 
118 0.250832 
119 -0.097533 
120 0.021987 
121 -0.207506 
122 0.063971 
123 -0.317555 
124 0.163951 
125 -0.013198 
126 -0.199525 
127 -0.113166 
128 0.130884 
129 -0.050748 
130 -0.259028 
131 -0.182461 
132 0.062831 
133 -0.111182 
134 0.221164 
135 0.041996 
136 0.027886 
137 -0.166303 
138 -0.098133 
139 0.295016 
140 0.123722 
141 0.226696 
142 0.526024 
143 0.088020 
144 -0.203890 
145 -0.068033 
146 -0.251388 
147 0.079322 
148 0.174302 
149 0.060713 
150 0.033199 
151 -0.230030 
152 0.032063 
153 -0.080012 
154 0.215480 
155 0.020121 
156 0.060876 
157 0.244643 
158 0.264426 
159 0.084487 
160 0.187789 
161 0.032111 
162 0.186984 
163 -0.071178 
164 0.024962 
165 -0.012832 
166 0.098136 
167 -0.140204 
168 0.011188 
169 -0.102088 
170 0.203923 
171 -0.347718 
172 -0.063501 
173 0.189884 
174 -0.048914 
175 -0.034244 
176 0.247218 
177 0.247441 
178 -0.017776 
179 -0.130568 
180 0.117124 
181 0.257057 
182 0.201383 
183 -0.064554 
184 -0.251889 
185 -0.061380 
186 -0.079895 
187 -0.041777 
188 -0.216239 
189 0.033282 
190 0.125146 
191 -0.270258 
192 -0.188888 
193 0.278599 
194 0.113802 
195 0.136924 
196 0.154866 
197 0.073628 
198 0.104565 
199 -0.209722 
