0.100000 -0.692351
0.200000 -0.703793
0.300000 -0.683343
0.400000 -0.664134 
0.500000 -0.674164 
0.600000 -0.658615 
0.700000 -0.679395 
0.800000 -0.668173 
0.900000 -0.629027 
1.000000 -0.581930 
1.100000 -0.441557 
1.200000 -0.386612 
1.300000 -0.324557 
1.400000 -0.291660 
1.500000 -0.227093 
1.600000 -0.205188 
1.700000 -0.181576 
1.800000 -0.148710 
1.900000 -0.113545 
2.000000 -0.085290 
2.100000 -0.050819 
2.200000 -0.036115 
2.300000 -0.029914 
2.400000 -0.031326 
2.500000 -0.001962 
2.600000 -0.024214 
2.700000 -0.000089 
2.800000 0.002156 
2.900000 0.024880 
3.000000 -0.001943 