0 0.152389 
1 0.054093 
2 0.164683 
3 -0.056537 
4 -0.088334 
5 0.067060 
6 -0.138340 
7 0.025173 
8 0.084708 
9 0.046755 
10 0.065292 
11 0.132978 
12 0.073181 
13 0.220885 
14 0.144196 
15 0.253813 
16 -0.279554 
17 0.104786 
18 -0.244296 
19 0.103528 
20 0.188011 
21 -0.058804 
22 -0.333682 
23 -0.327541 
24 -0.193366 
25 0.041804 
26 0.064274 
27 -0.084581 
28 -0.407986 
29 -0.065531 
30 -0.284412 
31 -0.112054 
32 0.131530 
33 0.131700 
34 -0.264392 
35 -0.042931 
36 -0.317917 
37 0.189904 
38 0.111361 
39 -0.025122 
40 -0.138954 
41 0.232532 
42 0.069713 
43 -0.332904 
44 0.166432 
45 0.299794 
46 -0.051078 
47 0.230704 
48 -0.170896 
49 0.038242 
50 -0.108168 
51 0.064907 
52 -0.032940 
53 -0.125060 
54 -0.205916 
55 -0.084409 
56 0.059364 
57 -0.143062 
58 -0.330193 
59 0.154684 
60 -0.110060 
61 -0.539079 
62 -0.037848 
63 0.312885 
64 -0.205282 
65 -0.055420 
66 -0.127626 
67 0.250434 
68 -0.136932 
69 -0.194811 
70 -0.020024 
71 0.150954 
72 0.158007 
73 0.032086 
74 -0.087751 
75 -0.086376 
76 0.055020 
77 -0.025918 
78 0.251588 
79 -0.041473 
80 -0.140392 
81 -0.360513 
82 -0.132445 
83 0.047487 
84 -0.041375 
85 0.328945 
86 -0.015868 
87 -0.369385 
88 0.040017 
89 -0.553228 
90 0.066471 
91 -0.341963 
92 0.262664 
93 0.178111 
94 -0.051888 
95 0.207484 
96 -0.017280 
97 0.048942 
98 0.065328 
99 -0.231346 
100 0.355137 
101 -0.215513 
102 0.126619 
103 -0.038186 
104 0.097843 
105 0.150744 
106 0.262756 
107 -0.081081 
108 -0.150640 
109 0.081188 
110 0.054251 
111 -0.391033 
112 0.100543 
113 0.247267 
114 -0.251663 
115 -0.044261 
116 0.101725 
117 0.074239 
118 0.048312 
119 -0.139076 
120 -0.033377 
121 -0.169978 
122 -0.209201 
123 0.305830 
124 -0.011465 
125 0.240405 
126 0.364705 
127 -0.115209 
128 -0.168350 
129 0.086367 
130 -0.021972 
131 0.070434 
132 -0.032947 
133 -0.120072 
134 -0.179381 
135 0.001017 
136 -0.197165 
137 -0.100620 
138 0.007911 
139 -0.167534 
140 0.185699 
141 0.165200 
142 0.128964 
143 -0.208847 
144 0.137141 
145 -0.051445 
146 0.097785 
147 -0.157707 
148 0.239106 
149 0.276906 
150 0.075153 
151 -0.222174 
152 -0.249731 
153 -0.020367 
154 0.127172 
155 -0.217046 
156 0.022575 
157 -0.186715 
158 0.046221 
159 0.104581 
160 -0.031487 
161 -0.217016 
162 0.097854 
163 0.241675 
164 -0.054810 
165 0.065264 
166 0.072468 
167 -0.293665 
168 -0.109366 
169 0.290499 
170 0.004296 
171 0.220891 
172 0.032519 
173 0.159590 
174 0.025854 
175 0.064894 
176 -0.089919 
177 0.138322 
178 -0.024025 
179 0.183220 
180 0.469867 
181 -0.241829 
182 -0.022242 
183 0.061891 
184 -0.437233 
185 0.370898 
186 0.202105 
187 -0.222070 
188 0.264195 
189 0.119268 
190 -0.062144 
191 -0.213255 
192 -0.246710 
193 0.206201 
194 -0.137697 
195 0.334531 
196 0.047455 
197 -0.104866 
198 0.189838 
199 -0.115497 
