0 -0.626803 
1 -0.690061 
2 -0.484842 
3 -0.603817 
4 -0.503611 
5 -0.188947 
6 -0.159111 
7 -0.236265 
8 -0.194303 
9 -0.081755 
10 -0.486450 
11 0.062242 
12 -0.266383 
13 -0.047201 
14 -0.131232 
15 -0.638507 
16 -0.377674 
17 0.038700 
18 -0.213492 
19 -0.150787 
20 -0.543569 
21 -0.153364 
22 -0.485735 
23 -0.048009 
24 -0.566825 
25 -0.493141 
26 -0.278323 
27 -0.326240 
28 -0.089010 
29 -0.533394 
30 0.129174 
31 -0.381351 
32 -0.137039 
33 -0.853135 
34 0.051833 
35 -0.477225 
36 -0.319308 
37 -0.006205 
38 -0.116385 
39 -0.622414 
40 -0.026741 
41 -0.167876 
42 -0.048580 
43 -0.308898 
44 -0.483169 
45 -0.110355 
46 -0.131595 
47 -0.366606 
48 0.018334 
49 -0.072438 
50 -0.310144 
51 -0.289257 
52 -0.133350 
53 -0.418444 
54 -0.120562 
55 -0.661422 
56 -0.235197 
57 -0.429767 
58 -0.401416 
59 -0.232073 
60 -0.153047 
61 -0.199034 
62 -0.525621 
63 -0.398180 
64 -0.342322 
65 0.037581 
66 -0.370739 
67 -0.426721 
68 -0.298688 
69 -0.166671 
70 -0.090307 
71 0.244388 
72 -0.299115 
73 -0.294719 
74 -0.306140 
75 -0.306006 
76 -0.815246 
77 -0.357477 
78 -0.253443 
79 -0.241323 
80 0.269579 
81 -0.370795 
82 -0.381699 
83 0.079278 
84 -0.076529 
85 -0.381378 
86 0.279852 
87 -0.443740 
88 -0.370279 
89 0.026306 
90 -0.291464 
91 -0.231346 
92 -0.442709 
93 0.164668 
94 -0.010596 
95 -0.581140 
96 -0.136606 
97 -0.179409 
98 -0.363176 
99 -0.463481 
100 -0.228395 
101 -0.045421 
102 0.000793 
103 -0.803082 
104 -0.508983 
105 -0.072428 
106 -0.071356 
107 -0.051254 
108 -0.475748 
109 -0.235599 
110 -0.059473 
111 0.131058 
112 -0.308512 
113 -0.118366 
114 -0.744456 
115 -0.107470 
116 -0.174260 
117 -0.132330 
118 -0.085444 
119 -0.075665 
120 0.023145 
121 -0.357977 
122 0.003880 
123 -0.299075 
124 -0.152960 
125 -0.446170 
126 -0.141984 
127 -0.113516 
128 -0.072174 
129 -0.420940 
130 -0.469172 
131 0.005124 
132 -1.167699 
133 -0.228337 
134 -0.247812 
135 -0.265826 
136 -0.369654 
137 -0.224066 
138 -0.172814 
139 -0.156859 
140 -0.002407 
141 0.238407 
142 -0.398780 
143 -0.400122 
144 -0.841977 
145 -0.201436 
146 -0.042798 
147 -0.087681 
148 -0.233907 
149 -0.371347 
150 -0.343983 
151 -0.117240 
152 -0.277816 
153 -0.385431 
154 -0.666061 
155 0.221526 
156 -0.221451 
157 -0.355890 
158 -0.395174 
159 -0.055348 
160 0.115345 
161 -0.169385 
162 -0.252581 
163 -0.101127 
164 -0.036277 
165 -0.134183 
166 -0.958872 
167 0.005188 
168 -0.038950 
169 -0.346347 
170 -0.217279 
171 -0.126586 
172 -0.460342 
173 -0.313749 
174 -0.598765 
175 -0.460807 
176 -0.518601 
177 -0.266022 
178 0.110964 
179 0.006099 
180 -0.220929 
181 -0.029996 
182 -0.705178 
183 -0.856730 
184 0.187908 
185 -0.291332 
186 -0.115518 
187 -0.217446 
188 -0.118151 
189 -0.318623 
190 -0.308746 
191 -0.176767 
192 -0.592578 
193 -0.072890 
194 -0.264949 
195 -0.133670 
196 -0.587118 
197 -0.302617 
198 -0.262124 
199 -0.091365 
