0 -0.386736 
1 -0.355093 
2 -0.627072 
3 -0.200167 
4 -0.493279 
5 -0.918476 
6 -0.379361 
7 -0.445189 
8 -0.835829 
9 0.063803 
10 -0.563347 
11 -0.765541 
12 -0.701872 
13 -0.069851 
14 -0.777357 
15 -0.824308 
16 -0.457974 
17 -0.449059 
18 -0.359274 
19 0.088910 
20 -0.360243 
21 -0.433155 
22 -0.291896 
23 -0.393110 
24 -0.057363 
25 -0.366987 
26 -0.423309 
27 -0.086808 
28 -0.633429 
29 -0.716595 
30 -0.236117 
31 -0.531375 
32 -0.611773 
33 -0.213541 
34 -0.373212 
35 -0.935138 
36 -0.447015 
37 -0.316116 
38 -0.447094 
39 -0.812788 
40 -0.685644 
41 -0.393642 
42 -0.486053 
43 -0.470191 
44 -0.105083 
45 -0.311630 
46 -0.388549 
47 -0.573461 
48 -0.595799 
49 -0.775839 
50 -0.498212 
51 -0.822792 
52 -0.163080 
53 -0.818397 
54 -0.268462 
55 -0.639301 
56 -0.335223 
57 -0.636721 
58 -0.190081 
59 -0.389183 
60 -0.201968 
61 -0.908794 
62 -0.609218 
63 -0.764785 
64 -0.406394 
65 -0.284343 
66 -0.450902 
67 -0.220277 
68 -0.774704 
69 -0.309932 
70 -1.152833 
71 -0.220361 
72 -0.412189 
73 -0.624164 
74 -0.313929 
75 -0.432100 
76 -0.490065 
77 -0.408221 
78 -0.442819 
79 -1.028391 
80 -0.266164 
81 0.093351 
82 -0.518575 
83 -0.372344 
84 -0.734068 
85 -0.339695 
86 0.020280 
87 -0.640516 
88 -0.721075 
89 -0.697981 
90 -0.577405 
91 -0.447419 
92 -0.059621 
93 -0.973670 
94 -0.359130 
95 -0.338706 
96 -0.782328 
97 -0.833198 
98 -0.584286 
99 -0.501563 
100 -0.704184 
101 -0.622029 
102 -0.608601 
103 -0.904944 
104 -0.352154 
105 -0.245676 
106 -0.632709 
107 -0.470876 
108 -0.860069 
109 -0.403134 
110 -0.989660 
111 -0.237177 
112 -0.582840 
113 -0.055616 
114 -0.579150 
115 -0.804232 
116 -0.643525 
117 -0.638646 
118 -0.523195 
119 -0.569751 
120 -0.679736 
121 -0.468882 
122 -0.035219 
123 -0.436637 
124 -0.801678 
125 -0.488223 
126 -0.453697 
127 -0.427393 
128 -0.672254 
129 0.100993 
130 -0.832816 
131 -0.267014 
132 -0.948863 
133 -0.233868 
134 -0.336228 
135 -0.343345 
136 -0.305866 
137 -0.691520 
138 -0.174298 
139 -0.258269 
140 -0.457430 
141 -0.433897 
142 -0.682424 
143 -0.150135 
144 -0.576166 
145 -0.251521 
146 -0.415775 
147 -0.763731 
148 -0.585713 
149 -0.366874 
150 -0.375577 
151 -0.376468 
152 -0.941574 
153 -0.540124 
154 -0.388522 
155 -0.134017 
156 -0.224563 
157 -0.371719 
158 -0.730710 
159 -0.515090 
160 -0.692223 
161 -0.624193 
162 -0.675041 
163 -1.285466 
164 -0.642191 
165 -0.392239 
166 -1.113809 
167 -0.349263 
168 -0.419253 
169 -0.092821 
170 -0.581116 
171 -0.482053 
172 -0.563246 
173 -0.604792 
174 -0.452276 
175 -0.380580 
176 -0.733287 
177 -0.880157 
178 -0.511839 
179 -0.521940 
180 -0.377266 
181 -0.883112 
182 0.035414 
183 -0.320145 
184 -0.280972 
185 -0.390883 
186 -0.677405 
187 -0.459289 
188 -0.711303 
189 -1.086698 
190 -0.635937 
191 -0.163448 
192 -0.409828 
193 -0.584320 
194 -0.339762 
195 -0.636657 
196 -0.109942 
197 -1.090017 
198 -0.443563 
199 -0.461505 
