0 -0.495981 
1 -0.683356 
2 -0.445085 
3 -0.638701 
4 -0.519827 
5 -0.450041 
6 -0.984811 
7 -0.819097 
8 -0.576901 
9 -0.277950 
10 -1.126385 
11 -0.323739 
12 -0.390375 
13 -0.489629 
14 -0.432066 
15 -0.959858 
16 -0.647488 
17 -1.031349 
18 -0.267032 
19 -0.477156 
20 -0.820768 
21 -0.439137 
22 -0.478550 
23 -0.779131 
24 -0.361651 
25 -0.513753 
26 -0.797349 
27 -0.734000 
28 -1.360868 
29 -0.705489 
30 -0.696917 
31 -0.784451 
32 -0.668234 
33 -0.541631 
34 -0.653709 
35 -0.731541 
36 -0.533569 
37 -0.849795 
38 -0.780738 
39 -0.952165 
40 -0.524031 
41 -0.832180 
42 -0.720241 
43 -0.519013 
44 -0.497181 
45 -0.684956 
46 -0.694425 
47 -0.308752 
48 -0.276399 
49 -0.462046 
50 -0.567915 
51 -0.676482 
52 -0.584073 
53 -1.171678 
54 -0.487362 
55 -0.757201 
56 -1.035149 
57 -1.185727 
58 -1.353220 
59 -0.512885 
60 -0.603177 
61 -0.832807 
62 -0.580213 
63 -0.459801 
64 -0.497982 
65 -1.247988 
66 -0.716797 
67 -0.567419 
68 -0.441537 
69 -0.844169 
70 -0.776414 
71 -0.938944 
72 -0.764628 
73 -0.291488 
74 -0.371034 
75 -0.923273 
76 -0.642979 
77 -1.206098 
78 -0.783632 
79 -1.084841 
80 -0.582225 
81 -1.391649 
82 -0.514031 
83 -0.617597 
84 -0.863162 
85 -1.241021 
86 -0.644104 
87 -0.700927 
88 -1.073882 
89 -0.658402 
90 -1.266524 
91 -0.967148 
92 -0.867175 
93 -0.630472 
94 -0.241837 
95 -0.472806 
96 -0.264731 
97 -0.819033 
98 -0.543263 
99 -0.699820 
100 -0.844514 
101 -0.433328 
102 -0.598288 
103 -0.830417 
104 -1.249279 
105 -0.938981 
106 -0.694875 
107 -0.127260 
108 -0.712167 
109 -0.774302 
110 -0.271945 
111 -0.787323 
112 -0.787280 
113 -0.869867 
114 -0.290886 
115 -0.681207 
116 -0.066527 
117 -0.783397 
118 -0.604223 
119 -0.857410 
120 -0.572596 
121 -0.592069 
122 -0.492535 
123 -0.716548 
124 -0.221284 
125 -0.617170 
126 -0.368361 
127 -0.805165 
128 -0.665090 
129 -0.357271 
130 -0.765367 
131 -0.665233 
132 -0.935057 
133 -0.913228 
134 -1.224666 
135 -0.746856 
136 -0.428168 
137 -0.823018 
138 -1.264682 
139 -0.724957 
140 -0.481700 
141 -0.872866 
142 -0.555921 
143 -0.143428 
144 -0.894073 
145 -0.376016 
146 -0.703043 
147 -0.354803 
148 -0.364943 
149 -0.629999 
150 -1.204896 
151 -0.978294 
152 -0.540920 
153 -0.590481 
154 -0.400452 
155 -0.384368 
156 -1.024517 
157 -0.905124 
158 -0.432542 
159 -0.748680 
160 -0.970137 
161 -0.337822 
162 -0.644393 
163 -0.674115 
164 -0.533208 
165 -1.053503 
166 -0.848370 
167 -0.348871 
168 -0.640281 
169 -0.413239 
170 -0.556034 
171 -0.193375 
172 -0.254661 
173 -0.663369 
174 -0.743600 
175 -0.444300 
176 -1.299616 
177 -0.484009 
178 -1.164928 
179 -0.845573 
180 -0.899640 
181 -0.877600 
182 -0.956694 
183 -0.356967 
184 -0.659373 
185 -0.614542 
186 -0.368964 
187 -0.665106 
188 -0.540534 
189 -0.920542 
190 -0.665780 
191 -0.942300 
192 -0.889039 
193 -0.566538 
194 -1.237716 
195 -0.745551 
196 -0.586033 
197 -0.411852 
198 -0.676627 
199 -0.830409 
