0 -0.158063 
1 -0.177339 
2 0.215164 
3 -0.051294 
4 0.041261 
5 0.409687 
6 -0.214219 
7 0.029799 
8 0.190275 
9 0.124829 
10 0.069135 
11 0.155879 
12 -0.131659 
13 0.129636 
14 0.141625 
15 0.271115 
16 -0.250268 
17 -0.129835 
18 -0.100106 
19 0.075555 
20 -0.325132 
21 0.074956 
22 -0.078178 
23 0.248249 
24 0.086570 
25 0.092902 
26 0.269153 
27 0.039750 
28 0.084915 
29 -0.103839 
30 0.267520 
31 0.008482 
32 -0.288844 
33 0.219909 
34 -0.014804 
35 -0.179070 
36 0.335675 
37 -0.150923 
38 -0.063560 
39 0.077231 
40 0.077595 
41 -0.226949 
42 -0.104242 
43 0.414899 
44 -0.227964 
45 0.155517 
46 -0.099783 
47 -0.112303 
48 0.246847 
49 0.298286 
50 -0.064344 
51 -0.039374 
52 -0.155126 
53 0.052780 
54 -0.016175 
55 -0.138212 
56 0.245071 
57 0.007910 
58 0.053351 
59 -0.096903 
60 0.169589 
61 0.149094 
62 -0.110419 
63 0.337299 
64 0.016344 
65 0.258456 
66 0.031131 
67 0.061013 
68 0.185545 
69 0.007620 
70 -0.341177 
71 0.165961 
72 0.302300 
73 0.016716 
74 0.145105 
75 0.229145 
76 0.050439 
77 -0.064084 
78 -0.033342 
79 -0.030848 
80 -0.285638 
81 0.278290 
82 -0.003597 
83 -0.000526 
84 0.086916 
85 -0.055121 
86 0.062565 
87 0.178185 
88 -0.049084 
89 0.384136 
90 -0.453750 
91 0.134852 
92 -0.052380 
93 0.162833 
94 -0.147661 
95 -0.121039 
96 -0.158891 
97 0.196606 
98 0.166812 
99 0.027783 
100 -0.284705 
101 0.159622 
102 -0.179372 
103 -0.127860 
104 0.076949 
105 0.067604 
106 0.000211 
107 0.203682 
108 0.197067 
109 0.045951 
110 0.212366 
111 -0.141009 
112 0.033191 
113 0.135813 
114 0.351489 
115 0.316997 
116 0.028448 
117 -0.299760 
118 -0.036240 
119 -0.271493 
120 -0.006504 
121 0.121961 
122 -0.240563 
123 -0.057906 
124 0.137256 
125 0.318599 
126 0.226818 
127 -0.296757 
128 -0.257784 
129 -0.051032 
130 0.160386 
131 -0.290384 
132 -0.166875 
133 -0.225839 
134 0.160601 
135 -0.336972 
136 -0.001224 
137 0.099668 
138 -0.246492 
139 0.207679 
140 0.091832 
141 0.091463 
142 0.136168 
143 0.119844 
144 -0.338038 
145 0.080483 
146 -0.079223 
147 0.140296 
148 0.023450 
149 0.144734 
150 -0.056851 
151 -0.499496 
152 -0.254340 
153 0.157916 
154 0.128278 
155 -0.248452 
156 -0.008331 
157 0.296445 
158 -0.071440 
159 0.127921 
160 0.000250 
161 -0.186584 
162 0.124846 
163 0.031680 
164 -0.084093 
165 -0.280646 
166 -0.308059 
167 -0.037145 
168 0.087271 
169 -0.107116 
170 0.132948 
171 0.217504 
172 0.019774 
173 0.192874 
174 -0.053315 
175 0.129620 
176 -0.047655 
177 0.404866 
178 -0.572994 
179 -0.083828 
180 -0.074036 
181 0.088447 
182 -0.081854 
183 0.158219 
184 -0.327741 
185 0.247933 
186 -0.112698 
187 0.059667 
188 -0.309377 
189 -0.044973 
190 -0.113713 
191 -0.284772 
192 0.122805 
193 -0.340055 
194 0.211018 
195 -0.117696 
196 -0.213278 
197 0.384018 
198 -0.198010 
199 0.096514 
