0 -0.175549 
1 0.023127 
2 0.071200 
3 0.125653 
4 0.171576 
5 -0.139176 
6 0.188987 
7 0.106471 
8 -0.299538 
9 -0.461779 
10 0.143192 
11 0.101768 
12 -0.009575 
13 0.072358 
14 -0.071149 
15 -0.165467 
16 -0.059586 
17 -0.050189 
18 0.066884 
19 0.197209 
20 0.346901 
21 0.024660 
22 -0.225914 
23 -0.032180 
24 0.157383 
25 0.110459 
26 -0.050555 
27 -0.035712 
28 0.078297 
29 -0.486776 
30 -0.108183 
31 -0.356672 
32 -0.302718 
33 -0.154417 
34 -0.082401 
35 0.078203 
36 -0.081333 
37 -0.053420 
38 -0.079151 
39 -0.292487 
40 -0.134075 
41 0.188440 
42 0.020367 
43 -0.022865 
44 0.031972 
45 0.134616 
46 0.191993 
47 -0.022478 
48 -0.072610 
49 0.077063 
50 -0.157971 
51 0.110822 
52 -0.038673 
53 0.005710 
54 0.219587 
55 -0.037358 
56 0.008786 
57 0.357281 
58 -0.413883 
59 0.028827 
60 -0.223381 
61 0.043860 
62 0.136120 
63 -0.332825 
64 0.022680 
65 -0.134998 
66 -0.294778 
67 -0.181041 
68 0.016328 
69 0.237053 
70 -0.246600 
71 0.217853 
72 0.041699 
73 -0.355582 
74 -0.404983 
75 0.235207 
76 -0.085816 
77 0.109072 
78 -0.289326 
79 -0.045194 
80 0.311443 
81 0.072898 
82 -0.096488 
83 0.000706 
84 0.209109 
85 -0.066365 
86 -0.047861 
87 -0.032368 
88 0.099832 
89 -0.215887 
90 0.121222 
91 -0.047346 
92 -0.167920 
93 -0.008249 
94 0.283396 
95 -0.021313 
96 -0.388356 
97 -0.220784 
98 0.175818 
99 -0.228874 
100 -0.048888 
101 -0.184065 
102 0.043666 
103 0.002270 
104 -0.224169 
105 -0.023567 
106 -0.113051 
107 0.074215 
108 0.238985 
109 -0.089351 
110 -0.244910 
111 0.066522 
112 0.013251 
113 0.029428 
114 0.030083 
115 0.255455 
116 -0.273682 
117 -0.197883 
118 0.093828 
119 0.025939 
120 0.067918 
121 0.027061 
122 -0.130853 
123 -0.139750 
124 -0.491627 
125 0.443661 
126 0.092808 
127 0.104762 
128 0.108260 
129 0.249441 
130 -0.112661 
131 -0.070233 
132 0.214351 
133 -0.241839 
134 0.226106 
135 0.109418 
136 0.077450 
137 -0.076897 
138 -0.055501 
139 0.017022 
140 0.078536 
141 0.129776 
142 0.093833 
143 0.235087 
144 -0.022104 
145 0.195838 
146 0.190773 
147 -0.437198 
148 -0.138494 
149 0.205599 
150 0.044180 
151 0.003658 
152 -0.009291 
153 0.267992 
154 0.029618 
155 0.208603 
156 0.190163 
157 0.195929 
158 -0.266289 
159 0.060281 
160 -0.087703 
161 -0.332522 
162 -0.114681 
163 0.017058 
164 -0.125747 
165 0.075302 
166 -0.180158 
167 -0.108491 
168 -0.024543 
169 0.078631 
170 0.176838 
171 0.073365 
172 0.143598 
173 -0.011537 
174 0.048691 
175 -0.106258 
176 0.259661 
177 0.031691 
178 0.065778 
179 -0.111072 
180 0.144376 
181 -0.213830 
182 -0.035958 
183 0.195998 
184 0.159235 
185 -0.143405 
186 0.105318 
187 0.247974 
188 -0.064031 
189 0.257097 
190 0.047886 
191 -0.003048 
192 -0.058695 
193 -0.199218 
194 0.211694 
195 0.149447 
196 0.225202 
197 -0.024088 
198 -0.013097 
199 0.039280 
