0 0.081850 
1 -0.074921 
2 0.117754 
3 -0.142336 
4 0.191075 
5 0.034625 
6 -0.048889 
7 -0.002985 
8 0.197285 
9 0.442980 
10 -0.732865 
11 0.065242 
12 0.238005 
13 -0.191725 
14 -0.214016 
15 0.046777 
16 0.144894 
17 -0.099714 
18 -0.167491 
19 -0.044908 
20 -0.083229 
21 0.110063 
22 -0.234668 
23 -0.389490 
24 -0.038483 
25 0.075707 
26 -0.104703 
27 0.144312 
28 0.209894 
29 0.059486 
30 0.058556 
31 -0.013667 
32 -0.015715 
33 -0.267113 
34 -0.004633 
35 0.157377 
36 0.063473 
37 -0.127557 
38 0.133145 
39 0.133554 
40 0.201245 
41 -0.024945 
42 0.342156 
43 0.225068 
44 -0.112943 
45 0.052890 
46 0.330176 
47 0.305150 
48 0.127309 
49 -0.034858 
50 0.089006 
51 -0.264960 
52 0.091496 
53 -0.010396 
54 -0.141449 
55 0.130646 
56 0.062506 
57 0.339773 
58 0.061547 
59 0.042863 
60 -0.350066 
61 -0.178200 
62 -0.002237 
63 -0.096316 
64 0.287176 
65 0.018521 
66 -0.126978 
67 -0.018930 
68 0.009471 
69 0.168808 
70 0.040251 
71 0.136972 
72 -0.300203 
73 0.118769 
74 -0.064520 
75 -0.005368 
76 0.066182 
77 0.131523 
78 -0.053276 
79 0.050469 
80 0.197092 
81 0.037063 
82 -0.273905 
83 -0.349438 
84 -0.078270 
85 0.087524 
86 -0.171316 
87 -0.039548 
88 -0.161933 
89 -0.337688 
90 -0.143483 
91 0.159436 
92 -0.137549 
93 0.043611 
94 -0.094918 
95 -0.063573 
96 0.038433 
97 0.071630 
98 0.290451 
99 -0.004302 
100 0.241070 
101 -0.093476 
102 0.141599 
103 0.024439 
104 -0.252938 
105 -0.009536 
106 0.046122 
107 -0.485382 
108 -0.302779 
109 -0.414852 
110 -0.105580 
111 -0.522331 
112 0.333079 
113 0.153953 
114 0.018759 
115 0.179081 
116 0.227713 
117 0.102039 
118 -0.101799 
119 0.054560 
120 -0.647157 
121 -0.209010 
122 0.080053 
123 -0.245055 
124 -0.110058 
125 0.259433 
126 -0.136744 
127 0.184292 
128 0.245735 
129 0.086807 
130 0.269640 
131 -0.149217 
132 -0.027851 
133 -0.031369 
134 -0.046977 
135 -0.102375 
136 -0.345968 
137 0.056359 
138 0.040168 
139 0.058031 
140 -0.126406 
141 -0.169010 
142 -0.093207 
143 -0.223270 
144 0.220141 
145 0.148959 
146 -0.250558 
147 -0.396388 
148 0.229759 
149 -0.293000 
150 -0.084491 
151 -0.008019 
152 0.104321 
153 0.049005 
154 0.075694 
155 -0.082743 
156 0.194295 
157 0.185591 
158 -0.427097 
159 -0.135585 
160 0.060831 
161 0.062631 
162 -0.055635 
163 0.040980 
164 0.076157 
165 0.044266 
166 0.093327 
167 -0.068714 
168 -0.086605 
169 0.184608 
170 0.132579 
171 0.211601 
172 -0.181685 
173 0.220579 
174 0.157056 
175 -0.106670 
176 -0.166869 
177 -0.125225 
178 -0.153097 
179 -0.034895 
180 0.148114 
181 0.313787 
182 -0.265586 
183 0.225191 
184 0.221137 
185 0.172529 
186 -0.224839 
187 -0.387832 
188 -0.039195 
189 0.053922 
190 0.220706 
191 -0.148088 
192 0.308583 
193 -0.130230 
194 0.200664 
195 -0.046465 
196 -0.108780 
197 0.266350 
198 0.221689 
199 -0.170128 
