0 0.239924 
1 0.467438 
2 -0.020353 
3 -0.242179 
4 -0.119419 
5 0.242953 
6 0.217599 
7 0.293537 
8 -0.054833 
9 -0.002886 
10 -0.111695 
11 0.168178 
12 -0.069973 
13 0.248364 
14 0.066666 
15 -0.217268 
16 -0.063009 
17 0.376303 
18 -0.132650 
19 -0.163226 
20 0.083739 
21 0.245653 
22 0.165698 
23 0.138668 
24 -0.282769 
25 0.050100 
26 0.369355 
27 0.087855 
28 0.159333 
29 -0.071948 
30 -0.455704 
31 -0.315683 
32 0.424028 
33 -0.124983 
34 0.219493 
35 -0.121563 
36 0.203870 
37 0.006286 
38 0.061760 
39 0.050278 
40 -0.069843 
41 -0.235609 
42 0.241834 
43 0.350933 
44 -0.148937 
45 0.246568 
46 0.183899 
47 -0.021103 
48 -0.016354 
49 0.023474 
50 0.313280 
51 -0.118020 
52 0.279101 
53 0.113303 
54 0.115396 
55 -0.118898 
56 0.207795 
57 -0.086621 
58 -0.028175 
59 0.023435 
60 0.237662 
61 -0.162345 
62 -0.318784 
63 -0.363763 
64 0.142185 
65 -0.089806 
66 -0.060034 
67 0.430551 
68 0.027282 
69 0.525432 
70 -0.539937 
71 0.190618 
72 0.040893 
73 -0.431417 
74 -0.017765 
75 -0.007111 
76 0.424811 
77 -0.149001 
78 0.237328 
79 -0.036957 
80 0.227243 
81 0.274506 
82 -0.097354 
83 0.305487 
84 -0.532587 
85 -0.136172 
86 -0.340764 
87 -0.531764 
88 0.217902 
89 0.203718 
90 -0.089968 
91 0.051706 
92 0.006876 
93 0.053949 
94 -0.176800 
95 0.003716 
96 0.098765 
97 0.111911 
98 0.224240 
99 0.223267 
100 -0.410077 
101 -0.021137 
102 -0.274885 
103 0.080759 
104 0.079117 
105 -0.249028 
106 0.325960 
107 -0.130408 
108 -0.649277 
109 0.107254 
110 0.012588 
111 0.089527 
112 0.290657 
113 0.166802 
114 0.210867 
115 -0.257412 
116 -0.040742 
117 -0.013389 
118 0.112379 
119 -0.006808 
120 -0.202626 
121 -0.109809 
122 0.141737 
123 0.041967 
124 -0.346965 
125 -0.182527 
126 0.016815 
127 0.156463 
128 -0.369675 
129 0.071923 
130 0.111580 
131 -0.096387 
132 -0.697376 
133 0.126649 
134 0.183816 
135 0.123781 
136 -0.165636 
137 0.081988 
138 -0.035579 
139 0.034710 
140 0.200902 
141 0.029591 
142 -0.191909 
143 -0.006120 
144 0.321231 
145 -0.058837 
146 -0.489517 
147 -0.092261 
148 0.043307 
149 -0.361050 
150 -0.177278 
151 -0.142116 
152 -0.029922 
153 0.281091 
154 0.100659 
155 0.226954 
156 0.096453 
157 0.287799 
158 -0.172354 
159 0.393041 
160 0.276347 
161 0.167877 
162 0.038546 
163 0.285970 
164 0.123579 
165 0.164654 
166 0.372801 
167 0.021459 
168 -0.240458 
169 -0.216058 
170 0.124740 
171 0.220562 
172 0.146674 
173 -0.069589 
174 0.184463 
175 -0.105888 
176 0.277265 
177 -0.003685 
178 -0.212734 
179 -0.106016 
180 -0.073997 
181 0.101614 
182 0.159812 
183 -0.305542 
184 0.124968 
185 0.169415 
186 0.248095 
187 0.015544 
188 -0.016926 
189 0.157015 
190 -0.040641 
191 -0.135431 
192 0.290826 
193 -0.004817 
194 -0.241015 
195 0.007495 
196 0.050728 
197 -0.167184 
198 -0.541558 
199 -0.091942 
