0 -0.476277 
1 -0.778771 
2 -0.457440 
3 -0.883592 
4 -0.191437 
5 -1.190260 
6 -0.569704 
7 -0.826158 
8 -0.133983 
9 -0.432093 
10 -0.539776 
11 -0.498477 
12 -0.945447 
13 -0.536494 
14 -0.549869 
15 -0.281469 
16 -0.267968 
17 -0.385149 
18 -0.834083 
19 -0.508101 
20 -0.430713 
21 -0.193865 
22 -0.717960 
23 -0.104591 
24 -0.846082 
25 -0.502492 
26 -0.310873 
27 -0.369282 
28 -0.089769 
29 -0.799738 
30 -0.264019 
31 -0.517293 
32 -0.545474 
33 -0.704864 
34 -0.639547 
35 -0.322508 
36 -0.545911 
37 -0.398251 
38 -0.932614 
39 -0.397593 
40 -0.795695 
41 -0.606793 
42 -0.484549 
43 -0.701504 
44 -0.286016 
45 -0.787889 
46 -0.270232 
47 -0.958884 
48 -0.529205 
49 -0.848887 
50 -0.338320 
51 -0.499797 
52 -0.297467 
53 -0.536854 
54 -0.448848 
55 -0.297363 
56 -0.876835 
57 -0.945531 
58 -0.204261 
59 -0.556586 
60 -0.535996 
61 -0.088556 
62 -0.403487 
63 -0.301820 
64 -0.206954 
65 -0.553174 
66 -1.111451 
67 -0.495884 
68 -0.788223 
69 -0.760796 
70 -0.651677 
71 -0.872204 
72 -0.299191 
73 -0.245916 
74 -0.631975 
75 -0.199819 
76 -0.801990 
77 -0.632542 
78 -0.785357 
79 -0.528860 
80 -0.737777 
81 -0.614797 
82 -1.094881 
83 -0.615013 
84 -0.515419 
85 -0.288121 
86 -0.288456 
87 -0.696944 
88 -0.692238 
89 -0.828383 
90 -0.722318 
91 -0.640293 
92 -0.870845 
93 -0.697836 
94 -0.933890 
95 -0.634261 
96 -0.693447 
97 -0.563551 
98 -0.486526 
99 -0.587009 
100 -0.483973 
101 -0.911852 
102 -0.876361 
103 -0.563231 
104 -0.497200 
105 -0.591868 
106 -0.491672 
107 -0.831608 
108 -0.484807 
109 -0.755299 
110 -0.567816 
111 -0.775146 
112 -0.336247 
113 -0.703163 
114 -0.784344 
115 -0.478826 
116 0.094581 
117 -0.774567 
118 -0.537591 
119 -0.834192 
120 -0.192275 
121 -1.066352 
122 -0.241397 
123 -0.796144 
124 -0.506028 
125 -0.557512 
126 -0.836499 
127 -0.534759 
128 -0.976253 
129 -0.549112 
130 -0.506702 
131 -0.522139 
132 -0.667384 
133 -0.849835 
134 -0.405353 
135 -0.675860 
136 -0.933912 
137 -0.590415 
138 -0.140350 
139 -0.608973 
140 -0.629892 
141 -0.357379 
142 -1.119126 
143 -0.561945 
144 -0.537137 
145 -0.097595 
146 -0.742196 
147 -0.078376 
148 -0.773890 
149 -0.796075 
150 -0.668986 
151 -0.471504 
152 -0.467292 
153 -0.396076 
154 -0.813640 
155 -0.693759 
156 -0.727959 
157 -0.508561 
158 -0.542996 
159 -0.989532 
160 -0.428097 
161 -0.703357 
162 -0.268154 
163 -0.939184 
164 -0.231721 
165 -0.613088 
166 -0.238394 
167 -0.712168 
168 -0.692306 
169 -0.448274 
170 -0.692315 
171 -0.464396 
172 -0.415221 
173 -0.627747 
174 -0.601487 
175 -0.465170 
176 -0.269038 
177 -0.995654 
178 -0.237849 
179 -0.294096 
180 -0.265381 
181 -0.453556 
182 -0.511361 
183 -0.379965 
184 -0.835234 
185 -0.357569 
186 -0.554275 
187 -0.249610 
188 -0.548654 
189 -0.504729 
190 -0.586794 
191 -0.585746 
192 -0.852918 
193 -0.888475 
194 -0.643897 
195 -0.742839 
196 -0.619504 
197 -0.648019 
198 -0.486732 
199 -0.851890 
