0 -0.126700 
1 0.252281 
2 0.168970 
3 0.047810 
4 0.146661 
5 0.143577 
6 0.078837 
7 0.161789 
8 -0.104782 
9 -0.064334 
10 0.294429 
11 0.129851 
12 0.295911 
13 0.289263 
14 -0.010255 
15 -0.134410 
16 -0.237450 
17 -0.083235 
18 0.127836 
19 -0.054639 
20 0.195273 
21 -0.021458 
22 -0.069823 
23 0.144108 
24 -0.319162 
25 0.101091 
26 -0.039327 
27 -0.047198 
28 0.281695 
29 -0.241535 
30 0.140655 
31 -0.058850 
32 -0.211505 
33 0.191316 
34 -0.373636 
35 0.143719 
36 0.032690 
37 -0.143326 
38 0.117116 
39 -0.036465 
40 0.260624 
41 -0.026799 
42 -0.029449 
43 0.072356 
44 -0.034142 
45 0.227849 
46 0.176331 
47 -0.213125 
48 0.093293 
49 0.023450 
50 -0.045204 
51 0.004884 
52 0.142121 
53 -0.001413 
54 0.093888 
55 -0.170838 
56 -0.000574 
57 -0.187777 
58 0.051567 
59 0.029905 
60 0.084777 
61 -0.100571 
62 0.090015 
63 0.007336 
64 -0.401118 
65 -0.045259 
66 0.025996 
67 -0.033370 
68 -0.004091 
69 -0.230468 
70 0.042794 
71 -0.097848 
72 0.198532 
73 -0.158119 
74 0.061223 
75 -0.405886 
76 -0.322253 
77 -0.117310 
78 -0.038888 
79 -0.079543 
80 -0.397395 
81 0.113373 
82 0.027271 
83 0.150981 
84 -0.371859 
85 0.031262 
86 0.138116 
87 -0.107141 
88 0.128751 
89 0.078143 
90 0.170569 
91 0.118413 
92 -0.103944 
93 -0.201835 
94 -0.191684 
95 0.198634 
96 0.180542 
97 0.000619 
98 -0.049579 
99 -0.017644 
100 0.019080 
101 0.232656 
102 -0.247906 
103 -0.374704 
104 -0.031287 
105 0.145592 
106 -0.385555 
107 0.271020 
108 -0.039324 
109 0.215593 
110 0.001948 
111 -0.123314 
112 -0.023532 
113 -0.022634 
114 0.354512 
115 -0.123310 
116 0.179601 
117 -0.007342 
118 0.065250 
119 0.156081 
120 -0.108381 
121 0.008047 
122 0.401917 
123 -0.329217 
124 0.170004 
125 -0.088932 
126 0.296768 
127 -0.089898 
128 0.303046 
129 0.308520 
130 -0.007026 
131 -0.015580 
132 0.071262 
133 -0.231246 
134 -0.294646 
135 0.055258 
136 -0.080435 
137 -0.082786 
138 -0.014722 
139 0.012146 
140 0.274919 
141 0.207414 
142 0.110320 
143 0.035747 
144 0.202723 
145 0.068063 
146 0.181663 
147 0.177196 
148 -0.438404 
149 -0.100258 
150 0.134852 
151 -0.025608 
152 -0.024523 
153 0.159799 
154 0.206547 
155 -0.134420 
156 0.157182 
157 0.106719 
158 0.271650 
159 -0.333604 
160 -0.102208 
161 0.068571 
162 -0.165679 
163 -0.190019 
164 0.049645 
165 -0.104825 
166 -0.191151 
167 0.043784 
168 -0.122009 
169 0.355164 
170 -0.219713 
171 0.162596 
172 0.328361 
173 0.092340 
174 0.342253 
175 -0.017527 
176 0.191290 
177 -0.260511 
178 0.024713 
179 0.213582 
180 -0.028764 
181 0.145050 
182 0.059298 
183 0.355187 
184 -0.161253 
185 -0.004246 
186 0.006472 
187 -0.057165 
188 0.075672 
189 -0.106817 
190 -0.086363 
191 0.015168 
192 -0.242826 
193 -0.228468 
194 0.127685 
195 0.023138 
196 0.094106 
197 0.097758 
198 -0.178385 
199 -0.063727 
